38400.0	631.0	3.75647306	-4.53607416
38400.0	632.0	3.09062004	-4.57826853
38410.0	631.0	3.59652472	-4.33940744
38410.0	632.0	2.91644764	-4.35497475
38420.0	631.0	3.46840262	-4.19407701
38420.0	632.0	2.78814793	-4.17970324
38430.0	631.0	3.45111179	-4.17531347
38430.0	632.0	2.76308107	-4.15253544
38440.0	631.0	3.51148057	-4.15056562
38440.0	632.0	2.80958414	-4.10977936
38450.0	631.0	3.36375546	-4.02408695
38450.0	632.0	2.65062714	-3.93931985
38460.0	631.0	3.19133759	-3.90786457
38460.0	632.0	2.45800614	-3.7971971
38470.0	631.0	3.02566218	-3.79665208
38470.0	632.0	2.28153515	-3.67005467
38480.0	631.0	2.96965313	-3.77932835
38480.0	632.0	2.23437023	-3.67409825
38490.0	631.0	3.0316453	-3.8286531
38490.0	632.0	2.30885148	-3.72698832
38500.0	631.0	3.01621628	-3.8098433
38500.0	632.0	2.29703331	-3.71104383
38510.0	631.0	2.77769971	-3.67759228
38510.0	632.0	2.01652074	-3.56680775
38520.0	631.0	2.45297813	-3.54874873
38520.0	632.0	1.63940036	-3.42891693
38530.0	631.0	2.08423567	-3.37420106
38530.0	632.0	1.20958602	-3.24381685
38540.0	631.0	1.74906325	-3.25338316
38540.0	632.0	0.8200376	-3.13039684
38550.0	631.0	1.43741536	-3.13507438
38550.0	632.0	0.46237993	-3.00776291
38560.0	631.0	1.0923171	-2.97712922
38560.0	632.0	0.07205367	-2.83998346
38570.0	631.0	0.75185156	-2.79503179
38570.0	632.0	-0.3051486	-2.64635181
38580.0	631.0	0.46775842	-2.65216327
38580.0	632.0	-0.62685394	-2.49087596
38590.0	631.0	0.22264647	-2.49092674
38590.0	632.0	-0.89670014	-2.31966305
38600.0	633.0	3.81011271	-4.1448679
38600.0	634.0	3.13406229	-4.22148418
38610.0	633.0	3.72651124	-4.00861549
38610.0	634.0	3.03262234	-4.06817436
38620.0	633.0	3.70782351	-3.96057105
38620.0	634.0	3.00700498	-4.03123474
38630.0	633.0	3.76711726	-3.93328476
38630.0	634.0	3.06674552	-3.98767781
38640.0	633.0	3.62005758	-3.79054737
38640.0	634.0	2.88992596	-3.79945278
38650.0	633.0	3.44638157	-3.65837765
38650.0	634.0	2.6909318	-3.64562607
38660.0	633.0	3.29482937	-3.53747344
38660.0	634.0	2.51758838	-3.50530052
38670.0	633.0	3.24367428	-3.51538467
38670.0	634.0	2.46553254	-3.50044084
38680.0	633.0	3.30603361	-3.56009626
38680.0	634.0	2.53222108	-3.55179191
38690.0	633.0	3.29096007	-3.54365873
38690.0	634.0	2.52056551	-3.54499626
38700.0	633.0	3.07132649	-3.41866493
38700.0	634.0	2.29081631	-3.42564583
38710.0	633.0	2.77516222	-3.30823827
38710.0	634.0	1.99788857	-3.32053542
38720.0	633.0	2.47815299	-3.17655325
38720.0	634.0	1.72269273	-3.23355389
38730.0	633.0	2.18324375	-3.03451228
38730.0	634.0	1.46229315	-3.13414288
38740.0	633.0	1.89475656	-2.91492939
38740.0	634.0	1.18565655	-3.02406979
38750.0	633.0	1.60487127	-2.80982304
38750.0	634.0	0.8988955	-2.92060161
38760.0	633.0	1.31267595	-2.64410496
38760.0	634.0	0.59835458	-2.75991988
38770.0	633.0	1.02572489	-2.46012259
38770.0	634.0	0.31228638	-2.58978748
38780.0	633.0	0.78453588	-2.31798887
38780.0	634.0	0.05778933	-2.45841599
38790.0	633.0	0.50255847	-2.13736176
38790.0	634.0	-0.23711419	-2.29142189
38800.0	635.0	3.82977939	-3.76304388
38800.0	636.0	3.06036162	-3.80545998
38800.0	637.0	3.01413679	-9.00809765
38810.0	635.0	3.75783253	-3.61464119
38810.0	636.0	3.00577164	-3.66155577
38810.0	637.0	2.91406536	-8.79143906
38820.0	635.0	3.73583198	-3.44638038
38820.0	636.0	3.01398396	-3.50694633
38820.0	637.0	2.85988975	-8.54055023
38830.0	635.0	3.71392393	-3.28820896
38830.0	636.0	3.02964616	-3.35688686
38830.0	637.0	2.7798593	-8.27296638
38840.0	635.0	3.70349073	-3.14145708
38840.0	636.0	3.058887	-3.22626448
38840.0	637.0	2.70617723	-8.0235672
38850.0	635.0	3.70332074	-3.00779939
38850.0	636.0	3.08912206	-3.08850479
38850.0	637.0	2.63265896	-7.78332615
38860.0	635.0	3.67924333	-2.91265464
38860.0	636.0	3.1069324	-2.97929883
38860.0	637.0	2.52307987	-7.56645393
38870.0	635.0	3.66340804	-2.81420469
38870.0	636.0	3.12348032	-2.86078668
38870.0	637.0	2.43250847	-7.36261845
38880.0	635.0	3.6267674	-2.70418787
38880.0	636.0	3.13192725	-2.75559473
38880.0	637.0	2.31484985	-7.1408515
38890.0	635.0	3.60423708	-2.61643219
38890.0	636.0	3.13174677	-2.66851091
38890.0	637.0	2.23381114	-6.98459721
38900.0	635.0	3.61248088	-2.62204123
38900.0	636.0	3.14798093	-2.6604104
38900.0	637.0	2.22626615	-6.94763136
38910.0	635.0	3.64091897	-2.65537548
38910.0	636.0	3.18068647	-2.67524457
38910.0	637.0	2.25475359	-6.96083164
38920.0	635.0	3.63014317	-2.6530478
38920.0	636.0	3.17000103	-2.65758371
38920.0	637.0	2.25778913	-6.92869091
38930.0	635.0	3.46117067	-2.54228473
38930.0	636.0	3.03359962	-2.55193186
38930.0	637.0	2.03656673	-6.76234436
38940.0	635.0	3.24375153	-2.44201756
38940.0	636.0	2.85274339	-2.45009208
38940.0	637.0	1.74700642	-6.59092808
38950.0	635.0	3.03567362	-2.33500624
38950.0	636.0	2.66549706	-2.34786129
38950.0	637.0	1.47035182	-6.42125177
38960.0	635.0	2.84628224	-2.22244501
38960.0	636.0	2.48161197	-2.23958802
38960.0	637.0	1.20181763	-6.25379562
38970.0	635.0	2.65822887	-2.11230755
38970.0	636.0	2.29703999	-2.13583231
38970.0	637.0	0.9456594	-6.09028816
38980.0	635.0	2.4774189	-1.99067104
38980.0	636.0	2.10837269	-2.02887058
38980.0	637.0	0.69942522	-5.92823696
38990.0	635.0	2.33062315	-1.84588075
38990.0	636.0	1.93883884	-1.90013802
38990.0	637.0	0.4417522	-5.71750593
39000.0	638.0	3.7940321	-3.39661932
39000.0	639.0	3.0055964	-3.42346501
39000.0	640.0	3.04841876	-8.44466209
39010.0	638.0	3.72361541	-3.22576618
39010.0	639.0	2.94877863	-3.25055337
39010.0	640.0	2.94164133	-8.18378258
39020.0	638.0	3.70745492	-3.06675673
39020.0	639.0	2.95927167	-3.08903527
39020.0	640.0	2.88711166	-7.92213726
39030.0	638.0	3.68975139	-2.88825083
39030.0	639.0	2.97516513	-2.9245646
39030.0	640.0	2.84243822	-7.64913034
39040.0	638.0	3.68265605	-2.72554302
39040.0	639.0	2.99738646	-2.76627421
39040.0	640.0	2.78781509	-7.3741765
39050.0	638.0	3.6695509	-2.58471346
39050.0	639.0	3.02192426	-2.62428665
39050.0	640.0	2.7206769	-7.10904217
39060.0	638.0	3.66617441	-2.4526217
39060.0	639.0	3.03897119	-2.48784161
39060.0	640.0	2.66393971	-6.85523319
39070.0	638.0	3.64400887	-2.32236576
39070.0	639.0	3.04699397	-2.36757922
39070.0	640.0	2.565274	-6.60695457
39080.0	638.0	3.62238717	-2.225667
39080.0	639.0	3.04365587	-2.271348
39080.0	640.0	2.4958992	-6.43808746
39090.0	638.0	3.63191748	-2.22549582
39090.0	639.0	3.05758667	-2.25234628
39090.0	640.0	2.49293733	-6.39788437
39100.0	638.0	3.65871072	-2.2617712
39100.0	639.0	3.09008932	-2.26990795
39100.0	640.0	2.52051544	-6.41483879
39110.0	638.0	3.67790174	-2.27778935
39110.0	639.0	3.10729957	-2.26982355
39110.0	640.0	2.53796983	-6.3992281
39120.0	638.0	3.57745218	-2.21174431
39120.0	639.0	3.02016497	-2.2013576
39120.0	640.0	2.3476119	-6.2734499
39130.0	638.0	3.381598	-2.10678101
39130.0	639.0	2.84327388	-2.09040499
39130.0	640.0	2.02632189	-6.09522104
39140.0	638.0	3.16922569	-1.99002218
39140.0	639.0	2.63351583	-1.97240818
39140.0	640.0	1.6973033	-5.9325695
39150.0	638.0	2.966537	-1.88983607
39150.0	639.0	2.42011404	-1.8735112
39150.0	640.0	1.39920473	-5.78793955
39160.0	638.0	2.76926494	-1.80142069
39160.0	639.0	2.21906424	-1.79436374
39160.0	640.0	1.09730935	-5.65000391
39170.0	638.0	2.56284356	-1.66487157
39170.0	639.0	1.99673271	-1.66356254
39170.0	640.0	0.77699733	-5.46788979
39180.0	638.0	2.37132573	-1.57222867
39180.0	639.0	1.78426397	-1.5809809
39180.0	640.0	0.4802115	-5.31649876
39190.0	638.0	2.14862633	-1.41724086
39190.0	639.0	1.54275692	-1.43187428
39190.0	640.0	0.16449499	-5.10821199
39200.0	641.0	3.83214092	-3.0331111
39200.0	642.0	3.08362699	-3.04138303
39200.0	643.0	3.07535625	-7.859303
39210.0	641.0	3.74302793	-2.85955286
39210.0	642.0	3.0128901	-2.89221716
39210.0	643.0	2.9349916	-7.60037041
39220.0	641.0	3.6833632	-2.67504692
39220.0	642.0	2.98987246	-2.72892237
39220.0	643.0	2.84437919	-7.33006954
39230.0	641.0	3.64724374	-2.49622154
39230.0	642.0	2.99136877	-2.57951689
39230.0	643.0	2.76306295	-7.05530739
39240.0	641.0	3.59855437	-2.34573889
39240.0	642.0	2.97574258	-2.43853426
39240.0	643.0	2.64640665	-6.79409695
39250.0	641.0	3.58086991	-2.20711637
39250.0	642.0	2.98484063	-2.30445337
39250.0	643.0	2.56017017	-6.54327106
39260.0	641.0	3.54738116	-2.0680728
39260.0	642.0	2.98528075	-2.17951393
39260.0	643.0	2.45025706	-6.28488684
39270.0	641.0	3.52130246	-1.96821952
39270.0	642.0	2.97668624	-2.07961345
39270.0	643.0	2.37272024	-6.10980797
39280.0	641.0	3.52692461	-1.96626318
39280.0	642.0	2.98592806	-2.06066799
39280.0	643.0	2.37001753	-6.0680275
39290.0	641.0	3.55425954	-2.00220609
39290.0	642.0	3.01928544	-2.07971215
39290.0	643.0	2.39918947	-6.08515406
39300.0	641.0	3.56927729	-2.01675081
39300.0	642.0	3.03476644	-2.08180809
39300.0	643.0	2.41096258	-6.06354332
39310.0	641.0	3.41412187	-1.91587615
39310.0	642.0	2.90409184	-1.99870014
39310.0	643.0	2.19643879	-5.91477776
39320.0	641.0	3.16881847	-1.78864574
39320.0	642.0	2.6499753	-1.86503577
39320.0	643.0	1.90066409	-5.74934101
39330.0	641.0	2.91403627	-1.65682292
39330.0	642.0	2.37220955	-1.73495436
39330.0	643.0	1.61775184	-5.58466721
39340.0	641.0	2.67554712	-1.53151822
39340.0	642.0	2.11142755	-1.6207099
39340.0	643.0	1.35482359	-5.42646503
39350.0	641.0	2.44924736	-1.43178856
39350.0	642.0	1.88559866	-1.54834843
39350.0	643.0	1.1027174	-5.29764366
39360.0	641.0	2.22978663	-1.29835141
39360.0	642.0	1.66565549	-1.43278074
39360.0	643.0	0.8553009	-5.13115072
39370.0	641.0	2.01951098	-1.12330866
39370.0	642.0	1.46031523	-1.2890389
39370.0	643.0	0.61865544	-4.92542696
39380.0	641.0	1.84360802	-0.99647737
39380.0	642.0	1.25605178	-1.16051805
39380.0	643.0	0.40887237	-4.77142239
39390.0	641.0	1.68974805	-0.82707381
39390.0	642.0	1.08992314	-0.99870157
39390.0	643.0	0.23433518	-4.57730007
39400.0	644.0	3.4329052	-8.8610611
39400.0	645.0	1.10509014	-10.11414146
39410.0	644.0	3.29306626	-8.56698036
39410.0	645.0	1.06545269	-9.77122593
39420.0	644.0	3.18411922	-8.22485638
39420.0	645.0	1.09073079	-9.35615253
39430.0	644.0	3.05016136	-7.84294081
39430.0	645.0	1.13058877	-8.85297203
39440.0	644.0	2.92342448	-7.41206121
39440.0	645.0	1.22370219	-8.30995846
39450.0	644.0	2.78736854	-6.99896431
39450.0	645.0	1.35289633	-7.75382233
39460.0	644.0	2.65932608	-6.63635921
39460.0	645.0	1.51050103	-7.22363615
39470.0	644.0	2.51969075	-6.2903986
39470.0	645.0	1.68714452	-6.69485044
39480.0	644.0	2.37200689	-5.9712863
39480.0	645.0	1.86393428	-6.17171526
39490.0	644.0	2.24786901	-5.65835571
39490.0	645.0	2.05468774	-5.66722202
39500.0	644.0	2.12692761	-5.34483051
39500.0	645.0	2.22658014	-5.19414616
39510.0	644.0	2.0358119	-5.0468483
39510.0	645.0	2.38402081	-4.74565172
39520.0	644.0	1.95666659	-4.73338985
39520.0	645.0	2.50292969	-4.29559422
39530.0	644.0	1.8801899	-4.42557716
39530.0	645.0	2.59636021	-3.87297678
39540.0	644.0	1.8028357	-4.0806365
39540.0	645.0	2.65398359	-3.43312025
39550.0	644.0	1.70681953	-3.78445768
39550.0	645.0	2.68089318	-3.04582977
39560.0	644.0	1.59871793	-3.4719739
39560.0	645.0	2.68426704	-2.64299011
39570.0	644.0	1.4988203	-3.15748787
39570.0	645.0	2.66426802	-2.25384235
39580.0	644.0	1.42063594	-2.89083958
39580.0	645.0	2.64133835	-1.91699028
39590.0	644.0	1.2837069	-2.61074924
39590.0	645.0	2.54733658	-1.59069729
39600.0	646.0	3.38929605	-8.2371273
39600.0	647.0	1.1462971	-9.41612816
39610.0	646.0	3.22616673	-7.92767954
39610.0	647.0	1.08007085	-9.06141376
39620.0	646.0	3.1011095	-7.57462168
39620.0	647.0	1.11508727	-8.63370419
39630.0	646.0	2.98158312	-7.18001461
39630.0	647.0	1.19057596	-8.14689445
39640.0	646.0	2.84433651	-6.78114176
39640.0	647.0	1.30804086	-7.62099934
39650.0	646.0	2.71098566	-6.41957474
39650.0	647.0	1.45919526	-7.10385466
39660.0	646.0	2.58005834	-6.07117367
39660.0	647.0	1.63039064	-6.57540989
39670.0	646.0	2.43404484	-5.74524593
39670.0	647.0	1.79977918	-6.05749893
39680.0	646.0	2.31369543	-5.42494869
39680.0	647.0	1.98732233	-5.55229425
39690.0	646.0	2.19501543	-5.11225605
39690.0	647.0	2.15847087	-5.08365822
39700.0	646.0	2.10577917	-4.81950188
39700.0	647.0	2.3163662	-4.64184237
39710.0	646.0	2.02634287	-4.51644135
39710.0	647.0	2.43238258	-4.20153141
39720.0	646.0	1.94840062	-4.21803713
39720.0	647.0	2.52114034	-3.79264593
39730.0	646.0	1.88613605	-3.8856411
39730.0	647.0	2.5872364	-3.38252497
39740.0	646.0	1.79908514	-3.5794754
39740.0	647.0	2.61002827	-3.00644159
39750.0	646.0	1.69832265	-3.28820658
39750.0	647.0	2.61467886	-2.62644863
39760.0	646.0	1.57411802	-2.98143244
39760.0	647.0	2.5889945	-2.24264956
39770.0	646.0	1.47255993	-2.68566751
39770.0	647.0	2.55110455	-1.86823225
39780.0	646.0	1.38575125	-2.45282364
39780.0	647.0	2.49913144	-1.58807516
39790.0	646.0	1.21389031	-2.18237495
39790.0	647.0	2.36682463	-1.28708935
39800.0	648.0	0.69542986	2.9230938
39800.0	649.0	-0.81041408	2.31585765
39810.0	648.0	1.12576461	2.535568
39810.0	649.0	-0.81358802	2.29470491
39820.0	648.0	1.50632882	2.15033889
39820.0	649.0	-0.79523462	2.27082586
39830.0	648.0	1.97151029	1.66460049
39830.0	649.0	-0.77430248	2.24811506
39840.0	648.0	2.19562411	1.14038253
39840.0	649.0	-0.74901754	2.22031689
39850.0	648.0	2.14445353	0.89281774
39850.0	649.0	-0.71431357	2.18916273
39860.0	648.0	2.39488125	0.85028648
39860.0	649.0	-0.6813125	2.15993357
39870.0	648.0	2.6861949	0.79934955
39870.0	649.0	-0.65071058	2.13182735
39880.0	648.0	2.97102118	0.74964809
39880.0	649.0	-0.63112164	2.11204672
39890.0	648.0	3.25228882	0.69497395
39890.0	649.0	-0.61824965	2.10143042
39900.0	648.0	3.52460909	0.63570476
39900.0	649.0	-0.61356139	2.09774017
39910.0	648.0	3.79650521	0.57204366
39910.0	649.0	-0.61704648	2.09359622
39920.0	648.0	4.0770545	0.50476575
39920.0	649.0	-0.64569807	2.09516096
39930.0	648.0	4.37638283	0.44357133
39930.0	649.0	-0.8112635	2.19549561
39940.0	648.0	4.69127846	0.39671612
39940.0	649.0	-0.99464571	2.28747606
39950.0	648.0	5.02862644	0.33337903
39950.0	649.0	-1.14148903	2.35061121
39960.0	648.0	5.38957405	0.27120638
39960.0	649.0	-1.28224802	2.42657399
39970.0	648.0	5.77323627	0.20781803
39970.0	649.0	-1.41908669	2.50651622
39980.0	648.0	6.0831089	0.09405088
39980.0	649.0	-1.55867934	2.55485821
39990.0	648.0	6.53386784	-0.06220436
39990.0	649.0	-1.66904187	2.64574432
40000.0	650.0	0.22239953	1.37500191
40000.0	651.0	1.26052451	3.93960452
40010.0	650.0	0.64636284	0.98484999
40010.0	651.0	1.74839282	3.51302791
40020.0	650.0	1.03617656	0.55219162
40020.0	651.0	2.19612265	3.06356764
40030.0	650.0	1.42474604	0.04528642
40030.0	651.0	2.65874195	2.51067472
40040.0	650.0	1.64662409	-0.46560073
40040.0	651.0	2.94034147	1.90409803
40050.0	650.0	1.69885206	-0.78731132
40050.0	651.0	2.94319344	1.54160213
40060.0	650.0	1.97897422	-0.92704701
40060.0	651.0	3.25774956	1.37512136
40070.0	650.0	2.2913239	-1.02061105
40070.0	651.0	3.65803862	1.23613453
40080.0	650.0	2.63857126	-1.10267305
40080.0	651.0	4.07522678	1.11268091
40090.0	650.0	2.99005771	-1.17825723
40090.0	651.0	4.48904991	0.98636103
40100.0	650.0	3.34144759	-1.24005914
40100.0	651.0	4.92494488	0.8648982
40110.0	650.0	3.67762232	-1.3121233
40110.0	651.0	5.36847639	0.74689698
40120.0	650.0	4.04931879	-1.35141397
40120.0	651.0	5.81540108	0.64835477
40130.0	650.0	4.42396498	-1.38796329
40130.0	651.0	6.25653553	0.58476329
40140.0	650.0	4.79986286	-1.41705179
40140.0	651.0	6.68274784	0.54997778
40150.0	650.0	5.18871117	-1.44957542
40150.0	651.0	7.11192846	0.50010324
40160.0	650.0	5.59656334	-1.49480271
40160.0	651.0	7.55236626	0.45295072
40170.0	650.0	6.03984404	-1.51602554
40170.0	651.0	8.0253582	0.40294671
40180.0	650.0	6.38874435	-1.59092069
40180.0	651.0	8.4051199	0.29625893
40190.0	650.0	6.89281321	-1.74165726
40190.0	651.0	8.94202995	0.11537862
40200.0	652.0	2.81912732	-5.40607214
40200.0	653.0	2.91299677	-7.09273243
40210.0	652.0	2.56308675	-5.02774715
40210.0	653.0	2.68508244	-6.73363686
40220.0	652.0	2.32291102	-4.62920666
40220.0	653.0	2.49095631	-6.37430048
40230.0	652.0	2.07132435	-4.22145081
40230.0	653.0	2.31070709	-5.99623537
40240.0	652.0	1.7577517	-3.8090167
40240.0	653.0	2.10074043	-5.62757397
40250.0	652.0	1.44297838	-3.42655659
40250.0	653.0	1.91558027	-5.26132679
40260.0	652.0	1.13889647	-3.09638381
40260.0	653.0	1.73077083	-4.90225601
40270.0	652.0	0.84033227	-2.78307438
40270.0	653.0	1.53554928	-4.55872726
40280.0	652.0	0.53820491	-2.49942207
40280.0	653.0	1.32603407	-4.21463776
40290.0	652.0	0.2592299	-2.22877955
40290.0	653.0	1.14014494	-3.88487864
40300.0	652.0	-0.00258708	-1.9702239
40300.0	653.0	0.9556334	-3.55719399
40310.0	652.0	-0.24935174	-1.70438838
40310.0	653.0	0.7906127	-3.23279619
40320.0	652.0	-0.50410581	-1.43842411
40320.0	653.0	0.61838651	-2.89982271
40330.0	652.0	-0.76635408	-1.17527533
40330.0	653.0	0.42907381	-2.57160473
40340.0	652.0	-1.01812959	-0.9268508
40340.0	653.0	0.24637198	-2.25521898
40350.0	652.0	-1.25096059	-0.72842884
40350.0	653.0	0.05456591	-1.9704051
40360.0	652.0	-1.47175193	-0.55006218
40360.0	653.0	-0.16792059	-1.68322325
40370.0	652.0	-1.66252685	-0.4277916
40370.0	653.0	-0.38209963	-1.42509747
40380.0	652.0	-1.81535316	-0.33240318
40380.0	653.0	-0.60348988	-1.2038312
40390.0	652.0	-1.99208713	-0.24494696
40390.0	653.0	-0.88481236	-0.94679356
40400.0	654.0	2.58642364	-2.8544569
40400.0	655.0	-0.8326112	2.32099891
40400.0	656.0	-0.79261118	4.00099897
40400.0	657.0	-0.37224159	4.26870728
40410.0	654.0	2.39200377	-2.55085802
40410.0	655.0	-0.82190514	2.30570483
40410.0	656.0	-0.78190511	3.9857049
40410.0	657.0	-0.35573292	4.2343092
40420.0	654.0	2.21048498	-2.23122764
40420.0	655.0	-0.81306601	2.27618718
40420.0	656.0	-0.77306604	3.95618725
40420.0	657.0	-0.35128769	4.19583941
40430.0	654.0	2.02894449	-1.91470575
40430.0	655.0	-0.80118072	2.2610991
40430.0	656.0	-0.7611807	3.94109917
40430.0	657.0	-0.34305072	4.17756176
40440.0	654.0	1.84918499	-1.61460221
40440.0	655.0	-0.79530501	2.24346662
40440.0	656.0	-0.75530499	3.92346668
40440.0	657.0	-0.33870324	4.15728092
40450.0	654.0	1.69880879	-1.34610033
40450.0	655.0	-0.78407598	2.23246312
40450.0	656.0	-0.74407595	3.91246319
40450.0	657.0	-0.3318406	4.14521885
40460.0	654.0	1.54082286	-1.11039352
40460.0	655.0	-0.77625698	2.21469474
40460.0	656.0	-0.73625696	3.89469481
40460.0	657.0	-0.32647073	4.13389015
40470.0	654.0	1.37905693	-0.91628838
40470.0	655.0	-0.76918358	2.20224309
40470.0	656.0	-0.72918355	3.88224316
40470.0	657.0	-0.31815386	4.12633705
40480.0	654.0	1.211676	-0.74363112
40480.0	655.0	-0.7655468	2.18946075
40480.0	656.0	-0.72554678	3.86946106
40480.0	657.0	-0.30828571	4.11700296
40490.0	654.0	1.05826962	-0.602669
40490.0	655.0	-0.75953585	2.17264128
40490.0	656.0	-0.71953583	3.85264134
40490.0	657.0	-0.29478616	4.10244942
40500.0	654.0	0.93751359	-0.48465943
40500.0	655.0	-0.75422144	2.16899323
40500.0	656.0	-0.71422148	3.8489933
40500.0	657.0	-0.28201687	4.09796715
40510.0	654.0	0.83833873	-0.37796092
40510.0	655.0	-0.75082821	2.1725471
40510.0	656.0	-0.71082819	3.85254717
40510.0	657.0	-0.27559736	4.10465002
40520.0	654.0	0.77039921	-0.28416586
40520.0	655.0	-0.74760002	2.17872953
40520.0	656.0	-0.7076	3.8587296
40520.0	657.0	-0.26840299	4.10547304
40530.0	654.0	0.74014199	-0.21071434
40530.0	655.0	-0.74361044	2.21701241
40530.0	656.0	-0.70361042	3.89701223
40530.0	657.0	-0.2595529	4.13295794
40540.0	654.0	0.74998283	-0.17626143
40540.0	655.0	-0.67553645	2.29429245
40540.0	656.0	-0.63553643	3.97429252
40540.0	657.0	-0.1728937	4.20731163
40550.0	654.0	0.87680602	-0.17124128
40550.0	655.0	-0.46145624	2.34253669
40550.0	656.0	-0.42145622	4.02253675
40550.0	657.0	0.04957157	4.24302864
40560.0	654.0	1.1108644	-0.21399355
40560.0	655.0	-0.16598266	2.37336874
40560.0	656.0	-0.12598264	4.05336905
40560.0	657.0	0.35231113	4.26895714
40570.0	654.0	1.40468335	-0.26154733
40570.0	655.0	0.13402575	2.43802094
40570.0	656.0	0.17402577	4.11802101
40570.0	657.0	0.65450394	4.33139992
40580.0	654.0	1.68340147	-0.34320807
40580.0	655.0	0.40241468	2.43176699
40580.0	656.0	0.4424147	4.11176682
40580.0	657.0	0.9260087	4.32367325
40590.0	654.0	2.07090282	-0.39436078
40590.0	655.0	0.79194152	2.41315722
40590.0	656.0	0.83194155	4.09315729
40590.0	657.0	1.32303011	4.30401659
40600.0	658.0	2.3600924	-2.17484736
40600.0	659.0	-0.83769077	2.32856393
40600.0	660.0	-0.79769075	4.008564
40600.0	661.0	-0.38370883	4.11638498
40610.0	658.0	2.13149834	-1.85359323
40610.0	659.0	-0.83376449	2.31610703
40610.0	660.0	-0.79376447	3.9961071
40610.0	661.0	-0.39757529	4.11207056
40620.0	658.0	1.92083478	-1.51815784
40620.0	659.0	-0.82952803	2.2994945
40620.0	660.0	-0.78952801	3.97949457
40620.0	661.0	-0.40117159	4.10246706
40630.0	658.0	1.72696936	-1.20636022
40630.0	659.0	-0.81774276	2.28866863
40630.0	660.0	-0.77774274	3.9686687
40630.0	661.0	-0.39372307	4.0935297
40640.0	658.0	1.54796708	-0.90560675
40640.0	659.0	-0.80930114	2.27448678
40640.0	660.0	-0.76930112	3.95448685
40640.0	661.0	-0.38958496	4.08302641
40650.0	658.0	1.39348602	-0.64592624
40650.0	659.0	-0.79096943	2.25944853
40650.0	660.0	-0.75096941	3.9394486
40650.0	661.0	-0.37675428	4.0718298
40660.0	658.0	1.23869896	-0.43311083
40660.0	659.0	-0.78248358	2.24737668
40660.0	660.0	-0.74248356	3.92737675
40660.0	661.0	-0.36962837	4.06344223
40670.0	658.0	1.08544981	-0.2512418
40670.0	659.0	-0.77368313	2.23471761
40670.0	660.0	-0.73368311	3.91471767
40670.0	661.0	-0.35819721	4.05502081
40680.0	658.0	0.93553424	-0.10462117
40680.0	659.0	-0.76205605	2.21692872
40680.0	660.0	-0.72205603	3.89692879
40680.0	661.0	-0.33836591	4.0383153
40690.0	658.0	0.82022333	0.01321316
40690.0	659.0	-0.75465262	2.21475077
40690.0	660.0	-0.7146526	3.89475083
40690.0	661.0	-0.32354775	4.03535461
40700.0	658.0	0.7244935	0.12027597
40700.0	659.0	-0.75099236	2.21750617
40700.0	660.0	-0.71099234	3.89750624
40700.0	661.0	-0.31691772	4.04178667
40710.0	658.0	0.657511	0.21309018
40710.0	659.0	-0.74825782	2.22297812
40710.0	660.0	-0.70825779	3.90297818
40710.0	661.0	-0.30977288	4.04379034
40720.0	658.0	0.62538278	0.2831285
40720.0	659.0	-0.74669969	2.25816774
40720.0	660.0	-0.70669967	3.93816781
40720.0	661.0	-0.30329514	4.06929302
40730.0	658.0	0.62618279	0.32885456
40730.0	659.0	-0.68828589	2.34520292
40730.0	660.0	-0.64828587	4.02520275
40730.0	661.0	-0.21720397	4.14811134
40740.0	658.0	0.74875617	0.35496664
40740.0	659.0	-0.4812724	2.40806532
40740.0	660.0	-0.44127238	4.08806562
40740.0	661.0	0.00391439	4.19492865
40750.0	658.0	1.00188208	0.33185959
40750.0	659.0	-0.17235851	2.45634723
40750.0	660.0	-0.13235849	4.13634729
40750.0	661.0	0.32410619	4.229496
40760.0	658.0	1.29716015	0.29537034
40760.0	659.0	0.13699031	2.52262068
40760.0	660.0	0.17699033	4.20262098
40760.0	661.0	0.62957942	4.29703522
40770.0	658.0	1.65540838	0.30778456
40770.0	659.0	0.47787905	2.59427309
40770.0	660.0	0.51787907	4.2742734
40770.0	661.0	0.94523311	4.36907864
40780.0	658.0	1.98949575	0.33437467
40780.0	659.0	0.80936587	2.65030694
40780.0	660.0	0.84936589	4.33030701
40780.0	661.0	1.2520659	4.40872717
40790.0	658.0	2.43537283	0.37485814
40790.0	659.0	1.22975004	2.68916416
40790.0	660.0	1.26975012	4.36916399
40790.0	661.0	1.61930025	4.43683243
40800.0	662.0	2.15251875	-1.57713914
40800.0	663.0	-0.83063352	2.32224035
40800.0	664.0	-0.7906335	4.00224066
40800.0	665.0	-0.37863001	4.01975584
40810.0	662.0	1.9371593	-1.26881742
40810.0	663.0	-0.83298308	2.31253266
40810.0	664.0	-0.79298306	3.99253273
40810.0	665.0	-0.38601735	4.01235008
40820.0	662.0	1.73258853	-0.94457513
40820.0	663.0	-0.82902539	2.29073048
40820.0	664.0	-0.78902537	3.97073054
40820.0	665.0	-0.38626039	3.9960947
40830.0	662.0	1.54927933	-0.62909716
40830.0	663.0	-0.81816453	2.27845263
40830.0	664.0	-0.77816451	3.9584527
40830.0	665.0	-0.38315871	3.99339604
40840.0	662.0	1.38203382	-0.33917975
40840.0	663.0	-0.81231117	2.25911927
40840.0	664.0	-0.77231115	3.93911934
40840.0	665.0	-0.38316223	3.98307538
40850.0	662.0	1.25638556	-0.09480762
40850.0	663.0	-0.80141377	2.24471211
40850.0	664.0	-0.76141375	3.92471218
40850.0	665.0	-0.37389445	3.97479677
40860.0	662.0	1.10910964	0.11367989
40860.0	663.0	-0.79640579	2.22951937
40860.0	664.0	-0.75640577	3.90951943
40860.0	665.0	-0.36563751	3.96644998
40870.0	662.0	0.97344005	0.27039826
40870.0	663.0	-0.78667945	2.21383524
40870.0	664.0	-0.74667943	3.89383531
40870.0	665.0	-0.34854752	3.95214534
40880.0	662.0	0.85987425	0.39313507
40880.0	663.0	-0.7772876	2.21090889
40880.0	664.0	-0.73728758	3.89090896
40880.0	665.0	-0.33075929	3.94959688
40890.0	662.0	0.76676929	0.49961436
40890.0	663.0	-0.7721222	2.21402073
40890.0	664.0	-0.73212218	3.8940208
40890.0	665.0	-0.32252911	3.9563694
40900.0	662.0	0.70292211	0.59278095
40900.0	663.0	-0.76979363	2.21887541
40900.0	664.0	-0.72979361	3.89887547
40900.0	665.0	-0.31591383	3.95793867
40910.0	662.0	0.67191947	0.66261494
40910.0	663.0	-0.77057064	2.25462508
40910.0	664.0	-0.73057055	3.93462515
40910.0	665.0	-0.31051362	3.98338485
40920.0	662.0	0.66485715	0.69809282
40920.0	663.0	-0.72250104	2.33418894
40920.0	664.0	-0.68250102	4.01418877
40920.0	665.0	-0.22894597	4.05611038
40930.0	662.0	0.78808188	0.71307147
40930.0	663.0	-0.51642311	2.3865602
40930.0	664.0	-0.47642311	4.06656027
40930.0	665.0	-0.00767818	4.09674597
40940.0	662.0	1.03591609	0.70666039
40940.0	663.0	-0.21735322	2.44628239
40940.0	664.0	-0.1773532	4.12628269
40940.0	665.0	0.30518731	4.14088774
40950.0	662.0	1.32416499	0.68031085
40950.0	663.0	0.08129573	2.51898313
40950.0	664.0	0.12129575	4.19898319
40950.0	665.0	0.60234582	4.21122122
40960.0	662.0	1.62993002	0.69414413
40960.0	663.0	0.38589513	2.58635688
40960.0	664.0	0.42589515	4.26635695
40960.0	665.0	0.89393628	4.28348207
40970.0	662.0	1.94734728	0.78009737
40970.0	663.0	0.70604169	2.69792056
40970.0	664.0	0.74604172	4.37792063
40970.0	665.0	1.19471467	4.37091064
40980.0	662.0	2.25178862	0.82737839
40980.0	663.0	0.99658787	2.74773431
40980.0	664.0	1.03658795	4.42773438
40980.0	665.0	1.45878565	4.41228247
40990.0	662.0	2.62475085	0.89038646
40990.0	663.0	1.35235536	2.80551004
40990.0	664.0	1.39235544	4.48551035
40990.0	665.0	1.76787364	4.45265198
41000.0	666.0	1.89263761	-1.0371803
41000.0	667.0	-0.83029103	2.32169509
41000.0	668.0	-0.79029101	4.00169516
41000.0	669.0	-0.38915902	4.15863943
41010.0	666.0	1.70374823	-0.76113284
41010.0	667.0	-0.83057958	2.3079145
41010.0	668.0	-0.79057956	3.98791456
41010.0	669.0	-0.39033383	4.14116955
41020.0	666.0	1.52761078	-0.45510459
41020.0	667.0	-0.82682419	2.29087782
41020.0	668.0	-0.78682417	3.97087789
41020.0	669.0	-0.39427227	4.12890244
41030.0	666.0	1.352988	-0.15515465
41030.0	667.0	-0.81761801	2.27390742
41030.0	668.0	-0.77761799	3.95390749
41030.0	669.0	-0.3949008	4.12430477
41040.0	666.0	1.20822155	0.12246728
41040.0	667.0	-0.81312466	2.25848484
41040.0	668.0	-0.77312464	3.93848491
41040.0	669.0	-0.3885569	4.11943436
41050.0	666.0	1.10079181	0.34870958
41050.0	667.0	-0.80592829	2.24268222
41050.0	668.0	-0.76592827	3.92268229
41050.0	669.0	-0.3793118	4.11078072
41060.0	666.0	0.98412955	0.52180934
41060.0	667.0	-0.79908079	2.22750282
41060.0	668.0	-0.75908077	3.90750289
41060.0	669.0	-0.36213425	4.09906006
41070.0	666.0	0.89213979	0.65580702
41070.0	667.0	-0.79173118	2.22549176
41070.0	668.0	-0.75173116	3.90549183
41070.0	669.0	-0.34864467	4.09787464
41080.0	666.0	0.79894066	0.76820219
41080.0	667.0	-0.78682995	2.2296617
41080.0	668.0	-0.74682993	3.90966177
41080.0	669.0	-0.34043664	4.10646343
41090.0	666.0	0.73359859	0.86171007
41090.0	667.0	-0.78640485	2.23681855
41090.0	668.0	-0.74640483	3.91681862
41090.0	669.0	-0.33541971	4.10957432
41100.0	666.0	0.70431316	0.93206334
41100.0	667.0	-0.78855276	2.27166724
41100.0	668.0	-0.74855274	3.95166731
41100.0	669.0	-0.33193719	4.13543463
41110.0	666.0	0.6957587	0.96660256
41110.0	667.0	-0.7418645	2.35024691
41110.0	668.0	-0.70186448	4.03024721
41110.0	669.0	-0.2514109	4.20740461
41120.0	666.0	0.81471515	0.9760592
41120.0	667.0	-0.54027128	2.39776754
41120.0	668.0	-0.5002712	4.07776737
41120.0	669.0	-0.03378347	4.24369049
41130.0	666.0	1.05456519	0.96709919
41130.0	667.0	-0.24830365	2.45474005
41130.0	668.0	-0.20830363	4.13473988
41130.0	669.0	0.27163103	4.283741
41140.0	666.0	1.33382773	0.94591832
41140.0	667.0	0.03785634	2.53337383
41140.0	668.0	0.07785636	4.21337366
41140.0	669.0	0.55300605	4.36033821
41150.0	666.0	1.62233257	0.9573667
41150.0	667.0	0.326352	2.5985446
41150.0	668.0	0.36635202	4.27854443
41150.0	669.0	0.8311075	4.42978382
41160.0	666.0	1.92273474	1.03556347
41160.0	667.0	0.62886298	2.69999456
41160.0	668.0	0.668863	4.37999487
41160.0	669.0	1.11943257	4.51380396
41170.0	666.0	2.228971	1.10027981
41170.0	667.0	0.92062747	2.76810598
41170.0	668.0	0.9606275	4.44810581
41170.0	669.0	1.37313688	4.57955599
41180.0	666.0	2.53601933	1.1742537
41180.0	667.0	1.21167338	2.83596373
41180.0	668.0	1.25167346	4.51596355
41180.0	669.0	1.64179647	4.61885071
41190.0	666.0	2.86336327	1.24876451
41190.0	667.0	1.52285254	2.90197539
41190.0	668.0	1.56285262	4.58197546
41190.0	669.0	1.8664161	4.67826605
41200.0	670.0	1.68633521	-0.46659663
41200.0	671.0	-0.83295536	2.32639909
41200.0	672.0	-0.79295534	4.00639915
41200.0	673.0	-0.39750513	4.07733631
41210.0	670.0	1.49256706	-0.17475998
41210.0	671.0	-0.83293235	2.31791735
41210.0	672.0	-0.79293233	3.99791741
41210.0	673.0	-0.41043174	4.09188509
41220.0	670.0	1.3201493	0.12464014
41220.0	671.0	-0.82788944	2.30095792
41220.0	672.0	-0.78788942	3.98095798
41220.0	673.0	-0.41088906	4.09073448
41230.0	670.0	1.16719604	0.41333565
41230.0	671.0	-0.81850743	2.28818083
41230.0	672.0	-0.77850741	3.96818066
41230.0	673.0	-0.40219	4.09081554
41240.0	670.0	1.04556251	0.67235959
41240.0	671.0	-0.81225806	2.27160263
41240.0	672.0	-0.77225804	3.9516027
41240.0	673.0	-0.39278144	4.08547211
41250.0	670.0	0.95091045	0.87312222
41250.0	671.0	-0.80205041	2.25518608
41250.0	672.0	-0.76205039	3.93518615
41250.0	673.0	-0.37827924	4.07514811
41260.0	670.0	0.86779022	1.02573991
41260.0	671.0	-0.79314339	2.24980259
41260.0	672.0	-0.75314337	3.92980266
41260.0	673.0	-0.36730132	4.072752
41270.0	670.0	0.79756361	1.1427443
41270.0	671.0	-0.7837795	2.2515223
41270.0	672.0	-0.74377954	3.93152237
41270.0	673.0	-0.35417473	4.07597971
41280.0	670.0	0.73927051	1.23904765
41280.0	671.0	-0.78010672	2.25886798
41280.0	672.0	-0.7401067	3.93886805
41280.0	673.0	-0.34505546	4.07931042
41290.0	670.0	0.7065233	1.30192077
41290.0	671.0	-0.78990895	2.28442931
41290.0	672.0	-0.74990892	3.96442938
41290.0	673.0	-0.34452233	4.10246515
41300.0	670.0	0.70544255	1.3326993
41300.0	671.0	-0.73575789	2.35221148
41300.0	672.0	-0.69575787	4.03221178
41300.0	673.0	-0.26137567	4.17135429
41310.0	670.0	0.80939603	1.35267544
41310.0	671.0	-0.5507611	2.41354084
41310.0	672.0	-0.51076114	4.09354115
41310.0	673.0	-0.0490742	4.21830511
41320.0	670.0	1.01224339	1.32129824
41320.0	671.0	-0.28194821	2.4473362
41320.0	672.0	-0.24194819	4.12733603
41320.0	673.0	0.25140366	4.24974585
41330.0	670.0	1.2893095	1.30852854
41330.0	671.0	-0.00875938	2.52334356
41330.0	672.0	0.03124064	4.20334387
41330.0	673.0	0.54274237	4.3302784
41340.0	670.0	1.58593082	1.34287095
41340.0	671.0	0.25939834	2.60579801
41340.0	672.0	0.29939836	4.28579807
41340.0	673.0	0.83422959	4.40926266
41350.0	670.0	1.90189397	1.40154099
41350.0	671.0	0.5256691	2.68624401
41350.0	672.0	0.56566912	4.36624432
41350.0	673.0	1.13404894	4.49110794
41360.0	670.0	2.25760818	1.49676561
41360.0	671.0	0.81278694	2.76366425
41360.0	672.0	0.85278696	4.44366407
41360.0	673.0	1.44380665	4.58009291
41370.0	670.0	2.63051462	1.58620906
41370.0	671.0	1.09896517	2.83912277
41370.0	672.0	1.13896513	4.51912308
41370.0	673.0	1.7569989	4.66569471
41380.0	670.0	2.97881556	1.67592049
41380.0	671.0	1.3525387	2.90956712
41380.0	672.0	1.39253879	4.58956718
41380.0	673.0	2.02795625	4.74437141
41390.0	670.0	3.34736681	1.77758217
41390.0	671.0	1.64254177	2.98327208
41390.0	672.0	1.68254185	4.66327238
41390.0	673.0	2.31891274	4.82569313
41400.0	674.0	1.16770577	3.17104483
41400.0	675.0	1.72264099	3.21505046
41410.0	674.0	1.62845242	2.76890588
41410.0	675.0	2.23597717	2.76277447
41420.0	674.0	2.00143647	2.43054056
41420.0	675.0	2.67607141	2.37479639
41430.0	674.0	2.41752863	1.96479118
41430.0	675.0	3.21722484	1.81329298
41440.0	674.0	2.60067654	1.48796058
41440.0	675.0	3.40316439	1.23398519
41450.0	674.0	2.58624792	1.25233841
41450.0	675.0	3.35575533	0.95297503
41460.0	674.0	2.855762	1.17697883
41460.0	675.0	3.64796162	0.87595582
41470.0	674.0	3.18266821	1.09127164
41470.0	675.0	3.98590755	0.79718041
41480.0	674.0	3.54656267	1.00957608
41480.0	675.0	4.34576893	0.72933364
41490.0	674.0	3.87753677	0.93229294
41490.0	675.0	4.6634717	0.66278458
41500.0	674.0	4.25193596	0.80716252
41500.0	675.0	5.02295446	0.56275415
41510.0	674.0	4.55732965	0.67149162
41510.0	675.0	5.30648708	0.47980618
41520.0	674.0	4.89376736	0.5373435
41520.0	675.0	5.62043476	0.37402272
41530.0	674.0	5.27415848	0.43574166
41530.0	675.0	5.98019743	0.26584291
41540.0	674.0	5.68912983	0.36650133
41540.0	675.0	6.35453224	0.17506528
41550.0	674.0	6.11939812	0.31170654
41550.0	675.0	6.74086237	0.0942378
41560.0	674.0	6.57325172	0.25980067
41560.0	675.0	7.15233707	-0.00190854
41570.0	674.0	7.01869488	0.20461059
41570.0	675.0	7.55114126	-0.09573746
41580.0	674.0	7.3625536	0.07765627
41580.0	675.0	7.86562824	-0.22198558
41590.0	674.0	7.83007622	-0.09959006
41590.0	675.0	8.34387112	-0.41254139
41600.0	676.0	-0.99429429	-0.40803987
41600.0	677.0	2.15070844	3.51770186
41610.0	676.0	-1.05355346	-0.38466942
41610.0	677.0	2.58330035	3.07389927
41620.0	676.0	-1.07610989	-0.39383405
41620.0	677.0	2.97428012	2.66689777
41630.0	676.0	-1.07250977	-0.40083086
41630.0	677.0	3.49499083	2.11306095
41640.0	676.0	-1.05596244	-0.40937978
41640.0	677.0	3.77282381	1.54706526
41650.0	676.0	-1.03859377	-0.41854465
41650.0	677.0	3.73018885	1.26855898
41660.0	676.0	-1.03983355	-0.42492408
41660.0	677.0	4.04318523	1.17556119
41670.0	676.0	-1.01966572	-0.44105268
41670.0	677.0	4.35349464	1.09628153
41680.0	676.0	-1.00620198	-0.4531275
41680.0	677.0	4.66562939	1.04555392
41690.0	676.0	-0.9979679	-0.45988435
41690.0	677.0	4.97284794	0.98989844
41700.0	676.0	-0.97988093	-0.47092965
41700.0	677.0	5.27942371	0.92385793
41710.0	676.0	-0.96515232	-0.48431766
41710.0	677.0	5.58041	0.85255075
41720.0	676.0	-0.9621799	-0.50045425
41720.0	677.0	5.89839172	0.76929259
41730.0	676.0	-1.10306144	-0.40941569
41730.0	677.0	6.22385788	0.69022417
41740.0	676.0	-1.2737149	-0.36101225
41740.0	677.0	6.57563496	0.61395001
41750.0	676.0	-1.42828465	-0.29617488
41750.0	677.0	6.93521404	0.53494692
41760.0	676.0	-1.58552837	-0.21439508
41760.0	677.0	7.30479527	0.46599293
41770.0	676.0	-1.74238849	-0.14585412
41770.0	677.0	7.68996906	0.40233183
41780.0	676.0	-1.89980459	-0.11814016
41780.0	677.0	7.98386192	0.28395748
41790.0	676.0	-2.07537222	-0.05279174
41790.0	677.0	8.43057442	0.10662556
41800.0	678.0	-1.04038131	-0.43895856
41800.0	679.0	2.19777775	2.92114234
41810.0	678.0	-1.057639	-0.45677307
41810.0	679.0	2.64862323	2.5345397
41820.0	678.0	-1.06119704	-0.4680047
41820.0	679.0	3.05886197	2.18192577
41830.0	678.0	-1.05065596	-0.47505653
41830.0	679.0	3.57252598	1.67561603
41840.0	678.0	-1.0335449	-0.48386276
41840.0	679.0	3.810462	1.12462556
41850.0	678.0	-1.03502965	-0.48485923
41850.0	679.0	3.73115206	0.86993647
41860.0	678.0	-1.0188998	-0.49633232
41860.0	679.0	4.00015593	0.82003784
41870.0	678.0	-1.00783992	-0.50429797
41870.0	679.0	4.28536701	0.75982904
41880.0	678.0	-1.00100219	-0.50931984
41880.0	679.0	4.57903862	0.70410824
41890.0	678.0	-0.98782384	-0.51741582
41890.0	679.0	4.87563133	0.63837576
41900.0	678.0	-0.97506279	-0.52635008
41900.0	679.0	5.17414761	0.56732273
41910.0	678.0	-0.96234405	-0.5485127
41910.0	679.0	5.48440695	0.48042536
41920.0	678.0	-0.95465106	-0.56499505
41920.0	679.0	5.80689573	0.40133619
41930.0	678.0	-1.11156881	-0.48375177
41930.0	679.0	6.13720417	0.32280874
41940.0	678.0	-1.29274786	-0.42447093
41940.0	679.0	6.49480438	0.25231647
41950.0	678.0	-1.4518441	-0.34645021
41950.0	679.0	6.85639477	0.17844772
41960.0	678.0	-1.60295725	-0.25893679
41960.0	679.0	7.22152615	0.11138225
41970.0	678.0	-1.75986052	-0.17595278
41970.0	679.0	7.60575294	0.05305696
41980.0	678.0	-1.93136728	-0.12784737
41980.0	679.0	7.90532303	-0.05879855
41990.0	678.0	-2.11376452	-0.02988517
41990.0	679.0	8.36341095	-0.23396778
42000.0	680.0	-1.10289586	-0.42956755
42000.0	681.0	2.30121875	2.42173553
42010.0	680.0	-1.09806454	-0.44476891
42010.0	681.0	2.76293182	2.03881454
42020.0	680.0	-1.08541417	-0.44313896
42020.0	681.0	3.18003798	1.68947613
42030.0	680.0	-1.07304704	-0.44851148
42030.0	681.0	3.68815899	1.17156565
42040.0	680.0	-1.06687713	-0.4474448
42040.0	681.0	3.87916446	0.62494254
42050.0	680.0	-1.05449426	-0.45429477
42050.0	681.0	3.80886912	0.37745214
42060.0	680.0	-1.03910148	-0.46376419
42060.0	681.0	4.0572114	0.32261372
42070.0	680.0	-1.02816141	-0.46447325
42070.0	681.0	4.33428288	0.26311207
42080.0	680.0	-1.0162549	-0.46835485
42080.0	681.0	4.62826872	0.1981492
42090.0	680.0	-1.00407183	-0.47476003
42090.0	681.0	4.92337227	0.12666464
42100.0	680.0	-0.99281883	-0.4925338
42100.0	681.0	5.23271751	0.0402987
42110.0	680.0	-0.98307419	-0.51790154
42110.0	681.0	5.54863071	-0.04140329
42120.0	680.0	-0.98458999	-0.54759115
42120.0	681.0	5.87686777	-0.12514663
42130.0	680.0	-1.11614323	-0.48352623
42130.0	681.0	6.21720171	-0.20253134
42140.0	680.0	-1.28373396	-0.4204962
42140.0	681.0	6.56965399	-0.26836872
42150.0	680.0	-1.43362045	-0.36638692
42150.0	681.0	6.92314625	-0.34022141
42160.0	680.0	-1.5741353	-0.30396798
42160.0	681.0	7.29145575	-0.39858484
42170.0	680.0	-1.70223212	-0.23456267
42170.0	681.0	7.68509054	-0.45380855
42180.0	680.0	-1.84295654	-0.19116494
42180.0	681.0	7.99314165	-0.55762386
42190.0	680.0	-1.9854157	-0.11531085
42190.0	681.0	8.47458267	-0.73662615
42200.0	682.0	-1.14082968	-0.37260434
42200.0	683.0	2.25309825	1.78440225
42200.0	684.0	1.05129409	3.06930113
42210.0	682.0	-1.15504766	-0.38100556
42210.0	683.0	2.72892761	1.32791305
42210.0	684.0	1.45205736	2.68139648
42220.0	682.0	-1.14932382	-0.39710492
42220.0	683.0	3.1538167	0.8758527
42220.0	684.0	1.79062629	2.28830791
42230.0	682.0	-1.13644338	-0.40666348
42230.0	683.0	3.66972995	0.30608881
42230.0	684.0	2.20222569	1.79463696
42240.0	682.0	-1.13062644	-0.42705083
42240.0	683.0	3.92416501	-0.3052727
42240.0	684.0	2.410707	1.27480626
42250.0	682.0	-1.11604178	-0.45626289
42250.0	683.0	3.88049746	-0.63239586
42250.0	684.0	2.37528658	0.99992085
42260.0	682.0	-1.09671795	-0.48312825
42260.0	683.0	4.16041851	-0.73240936
42260.0	684.0	2.6301465	0.91698241
42270.0	682.0	-1.09029007	-0.51209539
42270.0	683.0	4.44478321	-0.82210696
42270.0	684.0	2.8929143	0.84019661
42280.0	682.0	-1.08519912	-0.5394758
42280.0	683.0	4.73403645	-0.89181769
42280.0	684.0	3.16227865	0.77800035
42290.0	682.0	-1.0884614	-0.56904149
42290.0	683.0	5.02764988	-0.97284734
42290.0	684.0	3.4310174	0.70799756
42300.0	682.0	-1.0889014	-0.60351455
42300.0	683.0	5.31664085	-1.05216682
42300.0	684.0	3.69572163	0.64683127
42310.0	682.0	-1.09841275	-0.63824701
42310.0	683.0	5.5933876	-1.13522089
42310.0	684.0	3.962327	0.58299065
42320.0	682.0	-1.11610949	-0.64580548
42320.0	683.0	5.89183426	-1.2102381
42320.0	684.0	4.26132679	0.54304099
42330.0	682.0	-1.26427853	-0.53911686
42330.0	683.0	6.20875645	-1.28597653
42330.0	684.0	4.61613989	0.51789117
42340.0	682.0	-1.45112681	-0.44148347
42340.0	683.0	6.54118443	-1.34831917
42340.0	684.0	4.98288679	0.49727154
42350.0	682.0	-1.62201738	-0.33845997
42350.0	683.0	6.88607502	-1.41329062
42350.0	684.0	5.37548685	0.46287417
42360.0	682.0	-1.77060783	-0.21933171
42360.0	683.0	7.26294994	-1.48296964
42360.0	684.0	5.81356049	0.4527421
42370.0	682.0	-1.91664493	-0.11348367
42370.0	683.0	7.66658783	-1.5517801
42370.0	684.0	6.31440878	0.44431853
42380.0	682.0	-2.05744743	-0.04855984
42380.0	683.0	7.99455547	-1.64949644
42380.0	684.0	6.71410513	0.39989662
42390.0	682.0	-2.17603827	0.06185508
42390.0	683.0	8.51275826	-1.81394756
42390.0	684.0	7.27802181	0.27714634
42400.0	685.0	-1.19606245	-0.30453622
42400.0	686.0	1.0611918	2.59801936
42410.0	685.0	-1.20156288	-0.31849971
42410.0	686.0	1.50954354	2.20996118
42420.0	685.0	-1.19832313	-0.32932758
42420.0	686.0	1.87282288	1.86961222
42430.0	685.0	-1.19045663	-0.34937844
42430.0	686.0	2.35704255	1.38383734
42440.0	685.0	-1.17011487	-0.37756783
42440.0	686.0	2.5319438	0.84693789
42450.0	685.0	-1.15530658	-0.40617323
42450.0	686.0	2.420609	0.60910201
42460.0	685.0	-1.13645279	-0.44223893
42460.0	686.0	2.67443228	0.5496676
42470.0	685.0	-1.12182403	-0.4749288
42470.0	686.0	2.97507715	0.47942352
42480.0	685.0	-1.10877335	-0.50507766
42480.0	686.0	3.2950983	0.41400695
42490.0	685.0	-1.08725679	-0.53747934
42490.0	686.0	3.62024689	0.35854626
42500.0	685.0	-1.06667626	-0.57464373
42500.0	686.0	3.93703938	0.29890013
42510.0	685.0	-1.04927802	-0.61341035
42510.0	686.0	4.25536442	0.24954867
42520.0	685.0	-1.07489777	-0.61049843
42520.0	686.0	4.59528732	0.2080977
42530.0	685.0	-1.28001094	-0.50256455
42530.0	686.0	4.93212366	0.17932248
42540.0	685.0	-1.50228024	-0.41308004
42540.0	686.0	5.27876568	0.16080236
42550.0	685.0	-1.69950414	-0.33606383
42550.0	686.0	5.63060617	0.12923241
42560.0	685.0	-1.89224637	-0.2445956
42560.0	686.0	6.01536989	0.10538602
42570.0	685.0	-2.07617569	-0.15394342
42570.0	686.0	6.42402077	0.08060312
42580.0	685.0	-2.26348162	-0.08617914
42580.0	686.0	6.75831556	-0.00769758
42590.0	685.0	-2.44019842	0.01045167
42590.0	686.0	7.26969767	-0.17610025
42600.0	687.0	-1.19412982	-0.27979064
42600.0	688.0	1.04242849	2.03100014
42610.0	687.0	-1.21332502	-0.28408778
42610.0	688.0	1.43446171	1.62139845
42620.0	687.0	-1.20757127	-0.30071849
42620.0	688.0	1.78679264	1.20072961
42630.0	687.0	-1.19150817	-0.32470536
42630.0	688.0	2.21657276	0.69739938
42640.0	687.0	-1.17884374	-0.35070342
42640.0	688.0	2.47429085	0.15445495
42650.0	687.0	-1.15198767	-0.38269281
42650.0	688.0	2.45055199	-0.15144777
42660.0	687.0	-1.134588	-0.41889328
42660.0	688.0	2.74290419	-0.23790002
42670.0	687.0	-1.11220646	-0.45397121
42670.0	688.0	3.0715971	-0.32354307
42680.0	687.0	-1.08625698	-0.49070853
42680.0	688.0	3.40308332	-0.38149524
42690.0	687.0	-1.06211424	-0.52920306
42690.0	688.0	3.72402191	-0.44105721
42700.0	687.0	-1.03968441	-0.56191659
42700.0	688.0	4.04122686	-0.48757768
42710.0	687.0	-1.02950275	-0.59026957
42710.0	688.0	4.3663969	-0.52394676
42720.0	687.0	-1.04262257	-0.59054953
42720.0	688.0	4.70301342	-0.54820132
42730.0	687.0	-1.23694468	-0.47067165
42730.0	688.0	5.04449081	-0.56950259
42740.0	687.0	-1.45088482	-0.37542528
42740.0	688.0	5.39931822	-0.5808177
42750.0	687.0	-1.63359737	-0.28656691
42750.0	688.0	5.76598692	-0.60549927
42760.0	687.0	-1.81182849	-0.19069193
42760.0	688.0	6.15267181	-0.62726116
42770.0	687.0	-1.99683309	-0.09244899
42770.0	688.0	6.56558609	-0.65648484
42780.0	687.0	-2.1778481	-0.02701543
42780.0	688.0	6.89596653	-0.74193072
42790.0	687.0	-2.35486746	0.08985166
42790.0	688.0	7.40326548	-0.9063971
42800.0	689.0	-1.20516455	-0.27210867
42800.0	690.0	1.06791472	1.50898135
42810.0	689.0	-1.19749129	-0.2843245
42810.0	690.0	1.54650259	1.03592682
42820.0	689.0	-1.1913029	-0.31306124
42820.0	690.0	1.9041692	0.64543223
42830.0	689.0	-1.17630088	-0.34374028
42830.0	690.0	2.4085474	0.08539343
42840.0	689.0	-1.14842057	-0.37066805
42840.0	690.0	2.55182028	-0.45066679
42850.0	689.0	-1.1226902	-0.39690793
42850.0	690.0	2.47689247	-0.67140114
42860.0	689.0	-1.0986681	-0.42178464
42860.0	690.0	2.75245762	-0.72241318
42870.0	689.0	-1.06593335	-0.45800883
42870.0	690.0	3.07896757	-0.7854346
42880.0	689.0	-1.03747463	-0.49862766
42880.0	690.0	3.40437889	-0.84124959
42890.0	689.0	-1.01153457	-0.53412783
42890.0	690.0	3.72772837	-0.88822854
42900.0	689.0	-0.99719572	-0.56295288
42900.0	690.0	4.05193853	-0.92414129
42910.0	689.0	-0.98334336	-0.5874151
42910.0	690.0	4.38088703	-0.95293629
42920.0	689.0	-1.04929006	-0.55097228
42920.0	690.0	4.71711493	-0.97784698
42930.0	689.0	-1.25630677	-0.43345886
42930.0	690.0	5.06159449	-0.99606121
42940.0	689.0	-1.46442401	-0.32582328
42940.0	690.0	5.42484856	-1.00984585
42950.0	689.0	-1.6439867	-0.2354219
42950.0	690.0	5.79774046	-1.03828061
42960.0	689.0	-1.79812467	-0.14853853
42960.0	690.0	6.19425011	-1.06701386
42970.0	689.0	-1.95707953	-0.03834997
42970.0	690.0	6.61520243	-1.09617054
42980.0	689.0	-2.11512661	0.0364136
42980.0	690.0	6.95594454	-1.18292964
42990.0	689.0	-2.23236322	0.16664971
42990.0	690.0	7.47261906	-1.33553541
43000.0	691.0	-1.18988347	-0.28151616
43000.0	692.0	2.59701133	-8.72182178
43010.0	691.0	-1.16602647	-0.32664669
43010.0	692.0	2.54741764	-8.59915733
43020.0	691.0	-1.15008163	-0.37524581
43020.0	692.0	2.52952552	-8.53843307
43030.0	691.0	-1.12432909	-0.42178732
43030.0	692.0	2.5349493	-8.46201134
43040.0	691.0	-1.10754585	-0.46684757
43040.0	692.0	2.53143597	-8.38812923
43050.0	691.0	-1.07290769	-0.52109438
43050.0	692.0	2.52991962	-8.32140255
43060.0	691.0	-1.03581953	-0.57383657
43060.0	692.0	2.52841425	-8.288167
43070.0	691.0	-1.00690985	-0.62619668
43070.0	692.0	2.54096794	-8.27276421
43080.0	691.0	-0.97573715	-0.68693775
43080.0	692.0	2.55620003	-8.26453686
43090.0	691.0	-0.95536941	-0.74243218
43090.0	692.0	2.56733704	-8.25871944
43100.0	691.0	-0.93465263	-0.79993975
43100.0	692.0	2.57009339	-8.25589275
43110.0	691.0	-0.90614581	-0.86467409
43110.0	692.0	2.57242012	-8.26740551
43120.0	691.0	-0.88768268	-0.92315632
43120.0	692.0	2.56589842	-8.27689266
43130.0	691.0	-0.93046427	-0.93834931
43130.0	692.0	2.51908708	-8.23871994
43140.0	691.0	-1.05971289	-0.93101072
43140.0	692.0	2.325737	-8.12530613
43150.0	691.0	-1.20325935	-0.92548245
43150.0	692.0	2.10210562	-8.03373528
43160.0	691.0	-1.31852174	-0.90628481
43160.0	692.0	1.87844718	-7.91934013
43170.0	691.0	-1.4410423	-0.89714974
43170.0	692.0	1.63868892	-7.81498528
43180.0	691.0	-1.55375051	-0.93804801
43180.0	692.0	1.42224479	-7.75551796
43190.0	691.0	-1.67805266	-0.95097828
43190.0	692.0	1.17542207	-7.64007711
43200.0	693.0	-1.19129384	-0.27744409
43200.0	694.0	2.46780181	-8.32019901
43210.0	693.0	-1.17630827	-0.3175092
43210.0	694.0	2.41438437	-8.19844532
43220.0	693.0	-1.16556275	-0.3644352
43220.0	694.0	2.39554238	-8.16157532
43230.0	693.0	-1.14345562	-0.40371817
43230.0	694.0	2.41727304	-8.0873127
43240.0	693.0	-1.12355983	-0.45345116
43240.0	694.0	2.40129781	-8.00592709
43250.0	693.0	-1.09076583	-0.50976694
43250.0	694.0	2.40926909	-7.97271824
43260.0	693.0	-1.06309354	-0.56020641
43260.0	694.0	2.41557169	-7.94497871
43270.0	693.0	-1.03048468	-0.6206764
43270.0	694.0	2.4317596	-7.93217516
43280.0	693.0	-1.00884604	-0.67455709
43280.0	694.0	2.44547892	-7.92354822
43290.0	693.0	-0.9889003	-0.72889292
43290.0	694.0	2.44649839	-7.91689396
43300.0	693.0	-0.95900375	-0.79403824
43300.0	694.0	2.44978976	-7.92865467
43310.0	693.0	-0.93642271	-0.85366654
43310.0	694.0	2.44608068	-7.93564558
43320.0	693.0	-0.92664421	-0.90845186
43320.0	694.0	2.44372296	-7.93812323
43330.0	693.0	-0.97901815	-0.91569555
43330.0	694.0	2.36848426	-7.87294817
43340.0	693.0	-1.09092557	-0.91692781
43340.0	694.0	2.24333215	-7.81704283
43350.0	693.0	-1.22551298	-0.90591574
43350.0	694.0	2.0958302	-7.73625135
43360.0	693.0	-1.37033868	-0.88260341
43360.0	694.0	1.92980194	-7.64008045
43370.0	693.0	-1.50451636	-0.87814885
43370.0	694.0	1.7552321	-7.55554247
43380.0	693.0	-1.65322781	-0.89559263
43380.0	694.0	1.57527745	-7.48514843
43390.0	693.0	-1.79706526	-0.89353979
43390.0	694.0	1.38384187	-7.38536072
43400.0	695.0	-1.1861937	-0.28389075
43400.0	696.0	2.47288394	-7.78382921
43410.0	695.0	-1.17681825	-0.32290465
43410.0	696.0	2.41314983	-7.65052319
43420.0	695.0	-1.16002512	-0.36974704
43420.0	696.0	2.41159153	-7.58883381
43430.0	695.0	-1.13684857	-0.40959179
43430.0	696.0	2.41289091	-7.48314095
43440.0	695.0	-1.11068296	-0.4648079
43440.0	696.0	2.40774322	-7.40748692
43450.0	695.0	-1.08508813	-0.51826662
43450.0	696.0	2.42704988	-7.36344528
43460.0	695.0	-1.05764198	-0.58195627
43460.0	696.0	2.43575239	-7.33893442
43470.0	695.0	-1.03139496	-0.64123684
43470.0	696.0	2.45275688	-7.32560396
43480.0	695.0	-1.0083034	-0.69895864
43480.0	696.0	2.45800924	-7.31365299
43490.0	695.0	-0.97815853	-0.76439476
43490.0	696.0	2.45987964	-7.32155752
43500.0	695.0	-0.95380133	-0.82624567
43500.0	696.0	2.45974994	-7.33121634
43510.0	695.0	-0.93789887	-0.8832081
43510.0	696.0	2.45789099	-7.33628559
43520.0	695.0	-0.95044565	-0.92087591
43520.0	696.0	2.40510011	-7.30550385
43530.0	695.0	-1.01153696	-0.93197072
43530.0	696.0	2.33214188	-7.26556015
43540.0	695.0	-1.13207173	-0.92186129
43540.0	696.0	2.166116	-7.17292976
43550.0	695.0	-1.2784586	-0.92344761
43550.0	696.0	1.9844811	-7.10964298
43560.0	695.0	-1.41266942	-0.92380315
43560.0	696.0	1.80130649	-7.03859806
43570.0	695.0	-1.5724225	-0.91514212
43570.0	696.0	1.58760309	-6.95836163
43580.0	695.0	-1.71153295	-0.95177889
43580.0	696.0	1.40843451	-6.91720295
43590.0	695.0	-1.85600793	-0.96340525
43590.0	696.0	1.23724163	-6.84782362
43600.0	697.0	-1.18954921	-0.27954167
43600.0	698.0	2.49643445	-7.32727337
43610.0	697.0	-1.17532551	-0.32190406
43610.0	698.0	2.43552136	-7.21547318
43620.0	697.0	-1.15952253	-0.36438185
43620.0	698.0	2.40043354	-7.14492321
43630.0	697.0	-1.13847768	-0.40576556
43630.0	698.0	2.39061594	-7.06531048
43640.0	697.0	-1.12706172	-0.44956207
43640.0	698.0	2.38312674	-6.98634195
43650.0	697.0	-1.10634696	-0.51022303
43650.0	698.0	2.39224625	-6.94998503
43660.0	697.0	-1.08705318	-0.56714272
43660.0	698.0	2.3971386	-6.92071724
43670.0	697.0	-1.06486273	-0.62101275
43670.0	698.0	2.40791678	-6.91279459
43680.0	697.0	-1.02946615	-0.68026119
43680.0	698.0	2.4149816	-6.91939449
43690.0	697.0	-1.00337303	-0.73822939
43690.0	698.0	2.41424513	-6.92524004
43700.0	697.0	-0.98617798	-0.7946676
43700.0	698.0	2.41519547	-6.93107033
43710.0	697.0	-0.9997437	-0.8322221
43710.0	698.0	2.37177467	-6.90539646
43720.0	697.0	-1.02112639	-0.87090838
43720.0	698.0	2.32960796	-6.88679886
43730.0	697.0	-1.07712841	-0.86836284
43730.0	698.0	2.24781799	-6.82282734
43740.0	697.0	-1.14713991	-0.87863177
43740.0	698.0	2.1534493	-6.7791729
43750.0	697.0	-1.21364653	-0.87406093
43750.0	698.0	2.05641127	-6.7248044
43760.0	697.0	-1.2934233	-0.88064247
43760.0	698.0	1.94110322	-6.68745375
43770.0	697.0	-1.36875558	-0.8617987
43770.0	698.0	1.84982848	-6.62758255
43780.0	697.0	-1.43440962	-0.87021714
43780.0	698.0	1.772089	-6.60374165
43790.0	697.0	-1.47945368	-0.85074282
43790.0	698.0	1.69041157	-6.54663944
43800.0	699.0	-1.18793535	-0.27964166
43800.0	700.0	2.46523356	-6.8374877
43810.0	699.0	-1.16974235	-0.31540239
43810.0	700.0	2.407372	-6.70160437
43820.0	699.0	-1.15377295	-0.36296821
43820.0	700.0	2.38397741	-6.65570116
43830.0	699.0	-1.13593698	-0.40207145
43830.0	700.0	2.38593721	-6.5840888
43840.0	699.0	-1.11804247	-0.44989604
43840.0	700.0	2.37213349	-6.51621866
43850.0	699.0	-1.09496367	-0.49860251
43850.0	700.0	2.36728191	-6.46963882
43860.0	699.0	-1.07385576	-0.54662466
43860.0	700.0	2.36737037	-6.44273758
43870.0	699.0	-1.04052818	-0.60252792
43870.0	700.0	2.37464976	-6.44384098
43880.0	699.0	-1.01297605	-0.65519148
43880.0	700.0	2.37396002	-6.44153261
43890.0	699.0	-0.99577045	-0.70874131
43890.0	700.0	2.37528467	-6.44447851
43900.0	699.0	-1.00931776	-0.74574751
43900.0	700.0	2.33228374	-6.41782999
43910.0	699.0	-1.02040493	-0.79358226
43910.0	700.0	2.29796553	-6.40813351
43920.0	699.0	-1.04988873	-0.81238824
43920.0	700.0	2.24484587	-6.3681407
43930.0	699.0	-1.10085893	-0.84168047
43930.0	700.0	2.17464495	-6.33919001
43940.0	699.0	-1.19906962	-0.85635227
43940.0	700.0	2.08979154	-6.30998898
43950.0	699.0	-1.32784808	-0.87332982
43950.0	700.0	1.98465884	-6.2616396
43960.0	699.0	-1.47136545	-0.90175986
43960.0	700.0	1.88842809	-6.21447992
43970.0	699.0	-1.62793875	-0.91886324
43970.0	700.0	1.80136061	-6.16034794
43980.0	699.0	-1.77361453	-0.95627677
43980.0	700.0	1.73217154	-6.12619591
43990.0	699.0	-1.8906908	-0.97704417
43990.0	700.0	1.70051575	-6.09956837
44000.0	701.0	-1.19528902	-0.27518809
44000.0	702.0	2.45510483	-6.31156063
44010.0	701.0	-1.1751169	-0.31673691
44010.0	702.0	2.41436005	-6.18168402
44020.0	701.0	-1.16900635	-0.36131582
44020.0	702.0	2.4111495	-6.13832045
44030.0	701.0	-1.15636587	-0.39539289
44030.0	702.0	2.42182636	-6.05829334
44040.0	701.0	-1.14004219	-0.43430483
44040.0	702.0	2.40509796	-5.98118353
44050.0	701.0	-1.12022364	-0.47702423
44050.0	702.0	2.39797378	-5.92217445
44060.0	701.0	-1.09764469	-0.52559006
44060.0	702.0	2.39641428	-5.90289021
44070.0	701.0	-1.07763934	-0.5744043
44070.0	702.0	2.39788079	-5.89712286
44080.0	701.0	-1.06419945	-0.62035048
44080.0	702.0	2.40217972	-5.89384222
44090.0	701.0	-1.07765365	-0.65336883
44090.0	702.0	2.3597157	-5.86690044
44100.0	701.0	-1.07967222	-0.70398802
44100.0	702.0	2.34256673	-5.87037039
44110.0	701.0	-1.08452773	-0.73773044
44110.0	702.0	2.31205106	-5.8494277
44120.0	701.0	-1.08374512	-0.78060818
44120.0	702.0	2.28515768	-5.844841
44130.0	701.0	-1.15180135	-0.79640049
44130.0	702.0	2.23176098	-5.82536125
44140.0	701.0	-1.26181984	-0.80536729
44140.0	702.0	2.12996316	-5.77624607
44150.0	701.0	-1.35324335	-0.81893122
44150.0	702.0	2.04669523	-5.7511282
44160.0	701.0	-1.45496094	-0.83240294
44160.0	702.0	1.95414615	-5.72113323
44170.0	701.0	-1.53603852	-0.8142314
44170.0	702.0	1.85589552	-5.688375
44180.0	701.0	-1.57791221	-0.82690012
44180.0	702.0	1.82467461	-5.69281197
44190.0	701.0	-1.57114005	-0.8412078
44190.0	702.0	1.81343794	-5.71144438
44200.0	703.0	-1.18768919	-0.28046086
44200.0	704.0	2.54068875	-5.86861515
44210.0	703.0	-1.17219138	-0.30683392
44210.0	704.0	2.49766564	-5.75982952
44220.0	703.0	-1.16144192	-0.34852344
44220.0	704.0	2.48908997	-5.73177338
44230.0	703.0	-1.15263212	-0.3826586
44230.0	704.0	2.48205304	-5.65467262
44240.0	703.0	-1.13542771	-0.42537558
44240.0	704.0	2.47151613	-5.61201096
44250.0	703.0	-1.10918808	-0.47521305
44250.0	704.0	2.48031116	-5.58714914
44260.0	703.0	-1.09401715	-0.52682811
44260.0	704.0	2.48236561	-5.58391953
44270.0	703.0	-1.07776117	-0.57506216
44270.0	704.0	2.49107051	-5.58039379
44280.0	703.0	-1.08972192	-0.60639328
44280.0	704.0	2.45063543	-5.55029821
44290.0	703.0	-1.08821559	-0.65608102
44290.0	704.0	2.43413901	-5.55181885
44300.0	703.0	-1.09152865	-0.68899149
44300.0	704.0	2.40578842	-5.53079271
44310.0	703.0	-1.0834136	-0.73801833
44310.0	704.0	2.38166475	-5.53122473
44320.0	703.0	-1.1481477	-0.76035744
44320.0	704.0	2.33790636	-5.5226841
44330.0	703.0	-1.31560338	-0.7538209
44330.0	704.0	2.22725606	-5.4705224
44340.0	703.0	-1.48112869	-0.77273339
44340.0	704.0	2.11668038	-5.44054937
44350.0	703.0	-1.64064777	-0.79116005
44350.0	704.0	2.00022531	-5.39862871
44360.0	703.0	-1.77245331	-0.80268884
44360.0	704.0	1.88783479	-5.373806
44370.0	703.0	-1.87778962	-0.79205889
44370.0	704.0	1.80468881	-5.34065294
44380.0	703.0	-1.9427855	-0.80995327
44380.0	704.0	1.7492106	-5.35619116
44390.0	703.0	-1.97214782	-0.81077528
44390.0	704.0	1.71320438	-5.35190058
44400.0	705.0	-1.19731772	-0.26773342
44400.0	706.0	2.54488802	-5.39309216
44400.0	707.0	-1.51782811	-6.76838541
44400.0	708.0	-1.47000301	-8.25635719
44400.0	709.0	-1.33731771	-2.71773338
44400.0	710.0	-0.49731764	3.36226678
44410.0	705.0	-1.1879617	-0.28907692
44410.0	706.0	2.44034839	-5.20522594
44410.0	707.0	-1.51591837	-6.78565311
44410.0	708.0	-1.4610883	-8.27394867
44410.0	709.0	-1.32796168	-2.73907709
44410.0	710.0	-0.48796168	3.34092307
44420.0	705.0	-1.17542934	-0.32405531
44420.0	706.0	2.36944985	-5.04617167
44420.0	707.0	-1.50896239	-6.82028818
44420.0	708.0	-1.44740665	-8.30605602
44420.0	709.0	-1.31542933	-2.77405548
44420.0	710.0	-0.4754293	3.30594468
44430.0	705.0	-1.16604698	-0.34697661
44430.0	706.0	2.32526708	-4.88481665
44430.0	707.0	-1.49967027	-6.84321594
44430.0	708.0	-1.43928766	-8.32493019
44430.0	709.0	-1.30604696	-2.79697657
44430.0	710.0	-0.46604696	3.2830236
44440.0	705.0	-1.15845931	-0.37122339
44440.0	706.0	2.28322291	-4.7431941
44440.0	707.0	-1.49110019	-6.8702364
44440.0	708.0	-1.43232369	-8.34442616
44440.0	709.0	-1.29845929	-2.8212235
44440.0	710.0	-0.4584592	3.25877666
44450.0	705.0	-1.14864445	-0.39803302
44450.0	706.0	2.2561872	-4.62094355
44450.0	707.0	-1.47875011	-6.90233994
44450.0	708.0	-1.42269266	-8.36818027
44450.0	709.0	-1.28864443	-2.84803295
44450.0	710.0	-0.44864443	3.23196697
44460.0	705.0	-1.13900161	-0.42143834
44460.0	706.0	2.20709562	-4.52985573
44460.0	707.0	-1.46717012	-6.93304491
44460.0	708.0	-1.41599107	-8.38705921
44460.0	709.0	-1.27900159	-2.8714385
44460.0	710.0	-0.43900153	3.20856166
44470.0	705.0	-1.12813604	-0.44929737
44470.0	706.0	2.14000607	-4.44024467
44470.0	707.0	-1.46285355	-6.96256161
44470.0	708.0	-1.40712535	-8.41456795
44470.0	709.0	-1.26813602	-2.89929748
44470.0	710.0	-0.42813599	3.18070269
44480.0	705.0	-1.11852884	-0.478701
44480.0	706.0	2.08223867	-4.3773675
44480.0	707.0	-1.45565534	-7.0014801
44480.0	708.0	-1.39920986	-8.44931602
44480.0	709.0	-1.25852883	-2.92870116
44480.0	710.0	-0.4185288	3.151299
44490.0	705.0	-1.13727522	-0.48832935
44490.0	706.0	2.04407811	-4.30440426
44490.0	707.0	-1.47638822	-7.01720381
44490.0	708.0	-1.42192841	-8.46261597
44490.0	709.0	-1.2772752	-2.93832946
44490.0	710.0	-0.43727517	3.1416707
44500.0	705.0	-1.1774441	-0.49628264
44500.0	706.0	1.99350095	-4.21963453
44500.0	707.0	-1.5160321	-7.03514147
44500.0	708.0	-1.46397364	-8.4745512
44500.0	709.0	-1.31744409	-2.94628263
44500.0	710.0	-0.47744402	3.13371754
44510.0	705.0	-1.1773324	-0.54038107
44510.0	706.0	1.98906147	-4.19825029
44510.0	707.0	-1.52039063	-7.0887599
44510.0	708.0	-1.46973944	-8.51974201
44510.0	709.0	-1.31733239	-2.99038124
44510.0	710.0	-0.47733232	3.08961892
44520.0	705.0	-1.2134825	-0.51622701
44520.0	706.0	1.94637299	-4.13860798
44520.0	707.0	-1.55942106	-7.07488823
44520.0	708.0	-1.50696504	-8.49007034
44520.0	709.0	-1.35348248	-2.96622705
44520.0	710.0	-0.51348245	3.11377311
44530.0	705.0	-1.13770986	-0.43055439
44530.0	706.0	1.99781978	-4.06086016
44530.0	707.0	-1.49115241	-6.98353386
44530.0	708.0	-1.40675485	-8.381217
44530.0	709.0	-1.27770984	-2.88055444
44530.0	710.0	-0.43770984	3.19944572
44540.0	705.0	-0.75441146	-0.40042681
44540.0	706.0	2.3564167	-4.03773117
44540.0	707.0	-1.08386421	-6.94924641
44540.0	708.0	-0.97685319	-8.33006763
44540.0	709.0	-0.89441144	-2.85042691
44540.0	710.0	-0.05441144	3.22957325
44550.0	705.0	-0.34145272	-0.29927966
44550.0	706.0	2.73152065	-3.951509
44550.0	707.0	-0.64168525	-6.85424089
44550.0	708.0	-0.49513853	-8.21049976
44550.0	709.0	-0.4814527	-2.74927974
44550.0	710.0	0.35854733	3.33072042
44560.0	705.0	0.07328498	-0.24181761
44560.0	706.0	3.10705471	-3.89669394
44560.0	707.0	-0.19853115	-6.79012871
44560.0	708.0	-0.02026999	-8.13663101
44560.0	709.0	-0.066715	-2.69181776
44560.0	710.0	0.77328503	3.3881824
44570.0	705.0	0.51941705	-0.16129896
44570.0	706.0	3.52184153	-3.81646681
44570.0	707.0	0.27520764	-6.70768881
44570.0	708.0	0.48443353	-8.04745102
44570.0	709.0	0.37941706	-2.61129904
44570.0	710.0	1.2194171	3.46870112
44580.0	705.0	0.94900727	-0.14009818
44580.0	706.0	3.90664196	-3.77166343
44580.0	707.0	0.73662043	-6.68418598
44580.0	708.0	0.98355079	-8.01616478
44580.0	709.0	0.80900729	-2.59009814
44580.0	710.0	1.64900732	3.48990202
44590.0	705.0	1.50657582	-0.06451224
44590.0	706.0	4.39292908	-3.70111895
44590.0	707.0	1.34574699	-6.6023283
44590.0	708.0	1.6283474	-7.92036247
44590.0	709.0	1.36657584	-2.5145123
44590.0	710.0	2.20657587	3.56548786
44600.0	711.0	-1.19536841	-0.27242631
44600.0	712.0	2.56434727	-4.99310398
44600.0	713.0	-1.51166093	-6.77384615
44600.0	714.0	-1.46101809	-8.26406002
44600.0	715.0	-1.33536839	-2.72242641
44600.0	716.0	-0.49536839	3.35757375
44610.0	711.0	-1.18885326	-0.29127589
44610.0	712.0	2.47180557	-4.83196354
44610.0	713.0	-1.51428545	-6.78596544
44610.0	714.0	-1.45678568	-8.2815876
44610.0	715.0	-1.32885325	-2.74127603
44610.0	716.0	-0.48885325	3.33872414
44620.0	711.0	-1.18232262	-0.32116634
44620.0	712.0	2.40100384	-4.69919634
44620.0	713.0	-1.51272821	-6.8160944
44620.0	714.0	-1.44687414	-8.30840206
44620.0	715.0	-1.32232261	-2.77116632
44620.0	716.0	-0.48232257	3.30883384
44630.0	711.0	-1.17056108	-0.34480435
44630.0	712.0	2.3516798	-4.54736042
44630.0	713.0	-1.49839461	-6.83877373
44630.0	714.0	-1.43464959	-8.32725239
44630.0	715.0	-1.31056106	-2.79480433
44630.0	716.0	-0.47056109	3.28519583
44640.0	711.0	-1.15868378	-0.37259513
44640.0	712.0	2.30632043	-4.41431904
44640.0	713.0	-1.48338926	-6.86734343
44640.0	714.0	-1.42200196	-8.35417557
44640.0	715.0	-1.29868376	-2.82259512
44640.0	716.0	-0.45868373	3.25740504
44650.0	711.0	-1.15261841	-0.39270306
44650.0	712.0	2.26011872	-4.29998207
44650.0	713.0	-1.46999907	-6.89559317
44650.0	714.0	-1.41579115	-8.37189388
44650.0	715.0	-1.29261839	-2.8427031
44650.0	716.0	-0.45261839	3.23729706
44660.0	711.0	-1.14666164	-0.42036891
44660.0	712.0	2.19534016	-4.19800091
44660.0	713.0	-1.46706271	-6.92529058
44660.0	714.0	-1.41259801	-8.39937973
44660.0	715.0	-1.28666162	-2.87036896
44660.0	716.0	-0.44666156	3.2096312
44670.0	711.0	-1.14075959	-0.44705087
44670.0	712.0	2.14069653	-4.12521505
44670.0	713.0	-1.46208537	-6.96273756
44670.0	714.0	-1.4093293	-8.43074512
44670.0	715.0	-1.28075957	-2.89705086
44670.0	716.0	-0.44075951	3.1829493
44680.0	711.0	-1.16070437	-0.45654866
44680.0	712.0	2.10530806	-4.04998207
44680.0	713.0	-1.48516989	-6.97860813
44680.0	714.0	-1.43439054	-8.4438448
44680.0	715.0	-1.30070436	-2.90654874
44680.0	716.0	-0.46070433	3.17345142
44690.0	711.0	-1.19808316	-0.46091884
44690.0	712.0	2.05797577	-3.96238828
44690.0	713.0	-1.52381456	-6.99322653
44690.0	714.0	-1.47328568	-8.45169735
44690.0	715.0	-1.33808315	-2.91091895
44690.0	716.0	-0.49808317	3.16908121
44700.0	711.0	-1.19539523	-0.50192648
44700.0	712.0	2.05495167	-3.93887234
44700.0	713.0	-1.52620244	-7.04349756
44700.0	714.0	-1.47662139	-8.49269867
44700.0	715.0	-1.33539522	-2.95192647
44700.0	716.0	-0.49539524	3.12807369
44710.0	711.0	-1.23693967	-0.47838253
44710.0	712.0	2.00768685	-3.87861085
44710.0	713.0	-1.57174742	-7.02959585
44710.0	714.0	-1.52044654	-8.46179199
44710.0	715.0	-1.37693965	-2.92838264
44710.0	716.0	-0.53693962	3.15161753
44720.0	711.0	-1.17740321	-0.39662668
44720.0	712.0	2.05450416	-3.8004508
44720.0	713.0	-1.51992059	-6.94269085
44720.0	714.0	-1.43749475	-8.35915375
44720.0	715.0	-1.3174032	-2.84662676
44720.0	716.0	-0.47740316	3.2333734
44730.0	711.0	-0.78715694	-0.38607806
44730.0	712.0	2.43574119	-3.78495646
44730.0	713.0	-1.10455453	-6.93078089
44730.0	714.0	-1.00525987	-8.33151817
44730.0	715.0	-0.92715693	-2.83607817
44730.0	716.0	-0.08715692	3.243922
44740.0	711.0	-0.37704563	-0.28642967
44740.0	712.0	2.84080505	-3.694345
44740.0	713.0	-0.66557944	-6.83699751
44740.0	714.0	-0.54150581	-8.20905495
44740.0	715.0	-0.51704562	-2.73642969
44740.0	716.0	0.32295442	3.34357047
44750.0	711.0	0.0140295	-0.22524831
44750.0	712.0	3.24556828	-3.63021851
44750.0	713.0	-0.2436074	-6.7675271
44750.0	714.0	-0.10349607	-8.13140774
44750.0	715.0	-0.12597048	-2.67524838
44750.0	716.0	0.71402955	3.40475178
44760.0	711.0	0.43092871	-0.16430509
44760.0	712.0	3.67808771	-3.56352329
44760.0	713.0	0.1981163	-6.70352745
44760.0	714.0	0.35121727	-8.06217384
44760.0	715.0	0.29092872	-2.61430526
44760.0	716.0	1.13092875	3.4656949
44770.0	711.0	0.83320451	-0.06847885
44770.0	712.0	4.09540987	-3.47025776
44770.0	713.0	0.62772894	-6.60666037
44770.0	714.0	0.79178524	-7.95292521
44770.0	715.0	0.69320452	-2.51847887
44770.0	716.0	1.53320456	3.56152129
44780.0	711.0	1.21851063	0.00418918
44780.0	712.0	4.49466896	-3.40558529
44780.0	713.0	1.05184746	-6.53735495
44780.0	714.0	1.22781515	-7.86684704
44780.0	715.0	1.07851064	-2.44581079
44780.0	716.0	1.91851068	3.63418937
44790.0	711.0	1.67493057	0.11668541
44790.0	712.0	4.9554882	-3.28730869
44790.0	713.0	1.55813527	-6.41710711
44790.0	714.0	1.7431469	-7.7316618
44790.0	715.0	1.53493059	-2.33331466
44790.0	716.0	2.37493062	3.7466855
44800.0	717.0	-1.19517362	-0.262885
44800.0	718.0	2.57011461	-4.49581909
44800.0	719.0	-1.51416016	-6.76365757
44800.0	720.0	-1.46784604	-8.2512598
44800.0	721.0	-1.33517361	-2.71288514
44800.0	722.0	-0.4951736	3.36711502
44810.0	717.0	-1.19359815	-0.27633601
44810.0	718.0	2.45250368	-4.30387831
44810.0	719.0	-1.52224565	-6.77264214
44810.0	720.0	-1.46250653	-8.26045704
44810.0	721.0	-1.33359814	-2.726336
44810.0	722.0	-0.49359813	3.35366416
44820.0	717.0	-1.1896863	-0.29586965
44820.0	718.0	2.3859911	-4.12404823
44820.0	719.0	-1.51810884	-6.79095364
44820.0	720.0	-1.45275271	-8.27046585
44820.0	721.0	-1.32968628	-2.74586964
44820.0	722.0	-0.48968619	3.33413053
44830.0	717.0	-1.18298268	-0.31459928
44830.0	718.0	2.34058738	-3.95638371
44830.0	719.0	-1.51040983	-6.80733204
44830.0	720.0	-1.44133198	-8.28334713
44830.0	721.0	-1.32298267	-2.76459932
44830.0	722.0	-0.48298264	3.31540084
44840.0	717.0	-1.18341887	-0.32585147
44840.0	718.0	2.2878356	-3.80441594
44840.0	719.0	-1.50726426	-6.82330036
44840.0	720.0	-1.43938375	-8.29145336
44840.0	721.0	-1.32341886	-2.77585149
44840.0	722.0	-0.48341888	3.30414867
44850.0	717.0	-1.17721164	-0.34597874
44850.0	718.0	2.24055028	-3.6659832
44850.0	719.0	-1.50169647	-6.84655476
44850.0	720.0	-1.43198693	-8.3099966
44850.0	721.0	-1.31721163	-2.79597878
44850.0	722.0	-0.47721159	3.28402138
44860.0	717.0	-1.167063	-0.36268294
44860.0	718.0	2.20160961	-3.57303143
44860.0	719.0	-1.49257517	-6.87448502
44860.0	720.0	-1.42174256	-8.33071232
44860.0	721.0	-1.30706298	-2.81268311
44860.0	722.0	-0.46706301	3.26731706
44870.0	717.0	-1.1811744	-0.36268938
44870.0	718.0	2.17260432	-3.48345876
44870.0	719.0	-1.51062989	-6.88331842
44870.0	720.0	-1.43909335	-8.33347511
44870.0	721.0	-1.32117438	-2.8126893
44870.0	722.0	-0.48117429	3.26731062
44880.0	717.0	-1.21594381	-0.36081445
44880.0	718.0	2.13010263	-3.38831902
44880.0	719.0	-1.54812181	-6.89149952
44880.0	720.0	-1.47688925	-8.33470058
44880.0	721.0	-1.3559438	-2.81081462
44880.0	722.0	-0.51594377	3.26918554
44890.0	717.0	-1.20964265	-0.39802396
44890.0	718.0	2.13138771	-3.36115813
44890.0	719.0	-1.54804349	-6.93838549
44890.0	720.0	-1.47750044	-8.37295341
44890.0	721.0	-1.34964263	-2.84802389
44890.0	722.0	-0.50964254	3.23197603
44900.0	717.0	-1.25173223	-0.37285024
44900.0	718.0	2.08425736	-3.3004694
44900.0	719.0	-1.5939281	-6.92314434
44900.0	720.0	-1.52261746	-8.34042168
44900.0	721.0	-1.39173222	-2.82285023
44900.0	722.0	-0.55173212	3.25714993
44910.0	717.0	-1.19634819	-0.29398727
44910.0	718.0	2.12924385	-3.22417307
44910.0	719.0	-1.5465132	-6.83990145
44910.0	720.0	-1.44387674	-8.24126053
44910.0	721.0	-1.33634818	-2.74398732
44910.0	722.0	-0.49634811	3.33601284
44920.0	717.0	-0.81108594	-0.28885022
44920.0	718.0	2.50571585	-3.21068215
44920.0	719.0	-1.13341308	-6.83262444
44920.0	720.0	-1.01249003	-8.21938133
44920.0	721.0	-0.95108593	-2.73885036
44920.0	722.0	-0.11108586	3.34114981
44930.0	717.0	-0.39438605	-0.19140933
44930.0	718.0	2.91703057	-3.11653662
44930.0	719.0	-0.68150067	-6.74334908
44930.0	720.0	-0.53257596	-8.10456562
44930.0	721.0	-0.53438604	-2.6414094
44930.0	722.0	0.30561399	3.43859076
44940.0	717.0	-0.00067556	-0.13035962
44940.0	718.0	3.32800198	-3.05243301
44940.0	719.0	-0.25159156	-6.67691851
44940.0	720.0	-0.08205914	-8.03019333
44940.0	721.0	-0.14067554	-2.5803597
44940.0	722.0	0.69932449	3.49964046
44950.0	717.0	0.41475606	-0.08937757
44950.0	718.0	3.76397109	-3.00944948
44950.0	719.0	0.19821382	-6.63709068
44950.0	720.0	0.3832767	-7.97980785
44950.0	721.0	0.27475607	-2.53937769
44950.0	722.0	1.11475611	3.54062247
44960.0	717.0	0.7874465	0.01425378
44960.0	718.0	4.16484737	-2.9072504
44960.0	719.0	0.60548067	-6.52640152
44960.0	720.0	0.80622816	-7.86515999
44960.0	721.0	0.64744651	-2.43574619
44960.0	722.0	1.48744655	3.64425397
44970.0	717.0	1.17272496	0.13559817
44970.0	718.0	4.58536291	-2.78761411
44970.0	719.0	1.03552365	-6.39812326
44970.0	720.0	1.24416709	-7.72278547
44970.0	721.0	1.03272498	-2.31440187
44970.0	722.0	1.87272501	3.7655983
44980.0	717.0	1.56461573	0.23499353
44980.0	718.0	4.99248314	-2.68366098
44980.0	719.0	1.47359657	-6.29114199
44980.0	720.0	1.68747902	-7.60102749
44980.0	721.0	1.42461574	-2.21500659
44980.0	722.0	2.26461577	3.86499357
44990.0	717.0	1.94246745	0.35610974
44990.0	718.0	5.38495445	-2.55988455
44990.0	719.0	1.89148927	-6.15960503
44990.0	720.0	2.09864473	-7.45826769
44990.0	721.0	1.80246747	-2.09389019
44990.0	722.0	2.6424675	3.98610973
45000.0	723.0	-1.19943488	-0.26310578
45000.0	724.0	2.48019743	-4.14011812
45000.0	725.0	-1.53525698	-6.74463177
45000.0	726.0	-1.45063531	-8.25207233
45000.0	727.0	-1.33943486	-2.71310592
45000.0	728.0	-0.49943483	3.36689425
45010.0	723.0	-1.1912322	-0.27825707
45010.0	724.0	2.34476972	-3.93846822
45010.0	725.0	-1.53790736	-6.75472546
45010.0	726.0	-1.43606496	-8.26469612
45010.0	727.0	-1.33123219	-2.72825718
45010.0	728.0	-0.4912321	3.35174298
45020.0	723.0	-1.18984222	-0.30181426
45020.0	724.0	2.25250363	-3.74515152
45020.0	725.0	-1.5359683	-6.776752
45020.0	726.0	-1.42751229	-8.28572083
45020.0	727.0	-1.32984221	-2.75181437
45020.0	728.0	-0.48984218	3.3281858
45030.0	723.0	-1.18541205	-0.31495643
45030.0	724.0	2.18078089	-3.57960749
45030.0	725.0	-1.5285095	-6.78995705
45030.0	726.0	-1.42023695	-8.2978878
45030.0	727.0	-1.32541203	-2.76495647
45030.0	728.0	-0.48541206	3.31504369
45040.0	723.0	-1.17940652	-0.33171698
45040.0	724.0	2.09402061	-3.41077709
45040.0	725.0	-1.52351713	-6.80557966
45040.0	726.0	-1.41422117	-8.31570911
45040.0	727.0	-1.31940651	-2.78171706
45040.0	728.0	-0.47940648	3.2982831
45050.0	723.0	-1.17390037	-0.350977
45050.0	724.0	2.03834128	-3.29707336
45050.0	725.0	-1.51823485	-6.83489799
45050.0	726.0	-1.40631592	-8.33993626
45050.0	727.0	-1.31390035	-2.80097699
45050.0	728.0	-0.47390029	3.27902317
45060.0	723.0	-1.18592787	-0.35090721
45060.0	724.0	1.99901891	-3.19933033
45060.0	725.0	-1.53493357	-6.84445858
45060.0	726.0	-1.42131746	-8.34565926
45060.0	727.0	-1.32592785	-2.80090714
45060.0	728.0	-0.48592782	3.27909279
45070.0	723.0	-1.21718752	-0.34994096
45070.0	724.0	1.94141221	-3.0973177
45070.0	725.0	-1.5688417	-6.85413456
45070.0	726.0	-1.45549369	-8.35000801
45070.0	727.0	-1.35718751	-2.79994106
45070.0	728.0	-0.51718748	3.2800591
45080.0	723.0	-1.20902455	-0.38590553
45080.0	724.0	1.93908715	-3.0663929
45080.0	725.0	-1.56825793	-6.89892435
45080.0	726.0	-1.45542181	-8.38785839
45080.0	727.0	-1.34902453	-2.83590555
45080.0	728.0	-0.5090245	3.24409461
45090.0	723.0	-1.25112402	-0.36202949
45090.0	724.0	1.88771176	-3.00577211
45090.0	725.0	-1.61443186	-6.88530874
45090.0	726.0	-1.50125456	-8.35810375
45090.0	727.0	-1.39157796	-2.81117821
45090.0	728.0	-0.55071682	3.26715899
45100.0	723.0	-1.19286168	-0.287422
45100.0	724.0	1.9336319	-2.93714476
45100.0	725.0	-1.56425917	-6.80802155
45100.0	726.0	-1.42015839	-8.26370907
45100.0	727.0	-1.33390462	-2.73705053
45100.0	728.0	-0.49199277	3.34211922
45110.0	723.0	-0.82656872	-0.2732718
45110.0	724.0	2.2883482	-2.91882277
45110.0	725.0	-1.16586185	-6.79026461
45110.0	726.0	-0.99939227	-8.23143101
45110.0	727.0	-0.97554886	-2.72414613
45110.0	728.0	-0.11957219	3.35761237
45120.0	723.0	-0.44574833	-0.18052571
45120.0	724.0	2.65603971	-2.83209896
45120.0	725.0	-0.74201614	-6.69907045
45120.0	726.0	-0.5382179	-8.11424351
45120.0	727.0	-0.60822934	-2.63293219
45120.0	728.0	0.27281398	3.45266151
45130.0	723.0	-0.07272434	-0.1202486
45130.0	724.0	3.03205776	-2.77219486
45130.0	725.0	-0.32243538	-6.63348866
45130.0	726.0	-0.08719778	-8.0381794
45130.0	727.0	-0.25139773	-2.57310486
45130.0	728.0	0.65909505	3.51267028
45140.0	723.0	0.31055808	-0.04902504
45140.0	724.0	3.41666341	-2.7031486
45140.0	725.0	0.10525537	-6.56910849
45140.0	726.0	0.37069678	-7.96356678
45140.0	727.0	0.111534	-2.50252175
45140.0	728.0	1.05720198	3.58188534
45150.0	723.0	0.6622417	0.02522142
45150.0	724.0	3.76555204	-2.62802815
45150.0	725.0	0.50787973	-6.48585081
45150.0	726.0	0.81271219	-7.87598515
45150.0	727.0	0.44295728	-2.4247179
45150.0	728.0	1.41716039	3.6540494
45160.0	723.0	1.0625298	0.10380585
45160.0	724.0	4.16759205	-2.55372667
45160.0	725.0	0.95716429	-6.38563919
45160.0	726.0	1.29630709	-7.7637825
45160.0	727.0	0.8257395	-2.34602284
45160.0	728.0	1.81748748	3.73021221
45170.0	723.0	1.45846486	0.25988406
45170.0	724.0	4.56553221	-2.39414072
45170.0	725.0	1.41328812	-6.21271133
45170.0	726.0	1.78493047	-7.579813
45170.0	727.0	1.21076858	-2.19012427
45170.0	728.0	2.21275544	3.88558984
45180.0	723.0	1.82018685	0.35202944
45180.0	724.0	4.9245615	-2.297261
45180.0	725.0	1.8294785	-6.10258961
45180.0	726.0	2.22907329	-7.46326447
45180.0	727.0	1.5662576	-2.09829664
45180.0	728.0	2.56957173	3.97329521
45190.0	723.0	2.19816041	0.42300951
45190.0	724.0	5.28906012	-2.2289784
45190.0	725.0	2.2578156	-6.02263975
45190.0	726.0	2.6829288	-7.37781048
45190.0	727.0	1.94486105	-2.0177021
45190.0	728.0	2.91969323	4.02870989
45200.0	729.0	-1.19718051	-0.26914084
45200.0	730.0	2.35306072	-3.8186295
45200.0	731.0	-1.53390646	-6.74920082
45200.0	732.0	-1.42726552	-8.25689316
45200.0	733.0	-1.3371805	-2.71914101
45200.0	734.0	-0.49718049	3.36085916
45200.0	735.0	1.12480223	-10.04755306
45200.0	736.0	1.70042777	3.27436662
45210.0	729.0	-1.19628847	-0.28442141
45210.0	730.0	2.2619319	-3.64405537
45210.0	731.0	-1.54123485	-6.75869083
45210.0	732.0	-1.42532229	-8.27006912
45210.0	733.0	-1.33628845	-2.73442149
45210.0	734.0	-0.49628842	3.34557867
45210.0	735.0	0.99857861	-9.81742573
45210.0	736.0	2.07309055	2.85568643
45220.0	729.0	-1.19489145	-0.30593491
45220.0	730.0	2.21214724	-3.47625613
45220.0	731.0	-1.54326785	-6.77544403
45220.0	732.0	-1.4193995	-8.29184341
45220.0	733.0	-1.33489144	-2.75593495
45220.0	734.0	-0.49489141	3.32406521
45220.0	735.0	0.91746336	-9.59045029
45220.0	736.0	2.38707352	2.38459826
45230.0	729.0	-1.18977284	-0.32132876
45230.0	730.0	2.19008398	-3.31312203
45230.0	731.0	-1.53825331	-6.78781509
45230.0	732.0	-1.41025281	-8.30771923
45230.0	733.0	-1.32977283	-2.77132893
45230.0	734.0	-0.48977283	3.30867124
45230.0	735.0	0.87066495	-9.3640852
45230.0	736.0	2.75210524	1.85716403
45240.0	729.0	-1.17958283	-0.34337988
45240.0	730.0	2.1840651	-3.180619
45240.0	731.0	-1.52703643	-6.81056595
45240.0	732.0	-1.39944601	-8.33151913
45240.0	733.0	-1.31958282	-2.79338002
45240.0	734.0	-0.47958282	3.28662014
45240.0	735.0	0.84143502	-9.17207146
45240.0	736.0	2.98762012	1.32662249
45250.0	729.0	-1.17346263	-0.36142173
45250.0	730.0	2.18071485	-3.07000756
45250.0	731.0	-1.5180831	-6.83217096
45250.0	732.0	-1.39043331	-8.3547287
45250.0	733.0	-1.3134625	-2.81142187
45250.0	734.0	-0.47346252	3.26857829
45250.0	735.0	0.83096927	-9.00796413
45250.0	736.0	3.02267504	1.03430724
45260.0	729.0	-1.16698718	-0.38273484
45260.0	730.0	2.18286157	-2.98948693
45260.0	731.0	-1.50928247	-6.85655832
45260.0	732.0	-1.38102424	-8.38113976
45260.0	733.0	-1.30698717	-2.83273482
45260.0	734.0	-0.46698713	3.24726534
45260.0	735.0	0.81592739	-8.88732624
45260.0	736.0	3.29423332	0.92877078
45270.0	729.0	-1.15598524	-0.39982545
45270.0	730.0	2.17717433	-2.92983389
45270.0	731.0	-1.50241649	-6.87704849
45270.0	732.0	-1.37126505	-8.39950371
45270.0	733.0	-1.29598522	-2.84982538
45270.0	734.0	-0.45598519	3.23017454
45270.0	735.0	0.78312612	-8.75791645
45270.0	736.0	3.60886812	0.84386182
45280.0	729.0	-1.14781058	-0.41190699
45280.0	730.0	2.17237115	-2.89981461
45280.0	731.0	-1.50004244	-6.89756441
45280.0	732.0	-1.36556315	-8.41026306
45280.0	733.0	-1.28766286	-2.86199832
45280.0	734.0	-0.44821352	3.21836495
45280.0	735.0	0.7145049	-8.60122967
45280.0	736.0	3.95593357	0.75326085
45290.0	729.0	-1.13666856	-0.42879212
45290.0	730.0	2.17345333	-2.88780332
45290.0	731.0	-1.49522424	-6.92127514
45290.0	732.0	-1.35445046	-8.42285347
45290.0	733.0	-1.27614343	-2.87901783
45290.0	734.0	-0.43863159	3.20199323
45290.0	735.0	0.61408305	-8.43596077
45290.0	736.0	4.30484104	0.66663885
45300.0	729.0	-1.13404119	-0.44672513
45300.0	730.0	2.1772666	-2.89455795
45300.0	731.0	-1.49479032	-6.94702339
45300.0	732.0	-1.34822702	-8.43340588
45300.0	733.0	-1.27392244	-2.89688015
45300.0	734.0	-0.43695292	3.18511915
45300.0	735.0	0.47743165	-8.26893425
45300.0	736.0	4.65017319	0.56797314
45310.0	729.0	-1.13988185	-0.4662236
45310.0	730.0	2.17464495	-2.91135454
45310.0	731.0	-1.49888253	-6.97267437
45310.0	732.0	-1.3446939	-8.43882465
45310.0	733.0	-1.28173685	-2.91514397
45310.0	734.0	-0.44179767	3.16495919
45310.0	735.0	0.29808617	-8.10087872
45310.0	736.0	5.01478672	0.47119904
45320.0	729.0	-1.16650665	-0.48253679
45320.0	730.0	2.16891646	-2.94510698
45320.0	731.0	-1.51471663	-6.99196768
45320.0	732.0	-1.35057986	-8.43877316
45320.0	733.0	-1.31113613	-2.92918992
45320.0	734.0	-0.46830815	3.14375949
45320.0	735.0	0.06587803	-7.92805147
45320.0	736.0	5.37586403	0.39239359
45330.0	729.0	-1.24622679	-0.46104139
45330.0	730.0	2.09611678	-2.97280884
45330.0	731.0	-1.5770551	-6.97214699
45330.0	732.0	-1.39792109	-8.40083218
45330.0	733.0	-1.39602304	-2.90539479
45330.0	734.0	-0.54852748	3.15355468
45330.0	735.0	-0.23166692	-7.7560029
45330.0	736.0	5.75689268	0.32043076
45340.0	729.0	-1.3618722	-0.43917221
45340.0	730.0	1.95887005	-2.99098587
45340.0	731.0	-1.66648638	-6.94800901
45340.0	732.0	-1.46804309	-8.36223221
45340.0	733.0	-1.51610029	-2.88424373
45340.0	734.0	-0.66608691	3.1568203
45340.0	735.0	-0.57624161	-7.60446644
45340.0	736.0	6.16110134	0.27124786
45350.0	729.0	-1.47376513	-0.43577391
45350.0	730.0	1.79100811	-3.02520323
45350.0	731.0	-1.74207473	-6.93928909
45350.0	732.0	-1.52307212	-8.34284687
45350.0	733.0	-1.64445412	-2.87733936
45350.0	734.0	-0.77444643	3.13845062
45350.0	735.0	-0.95662987	-7.4954071
45350.0	736.0	6.58111191	0.21565223
45360.0	729.0	-1.58610797	-0.40574116
45360.0	730.0	1.60541749	-3.05684566
45360.0	731.0	-1.81574464	-6.9011445
45360.0	732.0	-1.57865214	-8.29826832
45360.0	733.0	-1.77950764	-2.84551597
45360.0	734.0	-0.88551927	3.13271189
45360.0	735.0	-1.3559159	-7.41748714
45360.0	736.0	7.02639675	0.16113853
45370.0	729.0	-1.71579146	-0.37218416
45370.0	730.0	1.39444613	-3.08649373
45370.0	731.0	-1.90316796	-6.85451698
45370.0	732.0	-1.64918196	-8.25104046
45370.0	733.0	-1.93220496	-2.81297922
45370.0	734.0	-1.00964975	3.13202596
45370.0	735.0	-1.75521624	-7.37503433
45370.0	736.0	7.48404503	0.09327698
45380.0	729.0	-1.82819676	-0.3891184
45380.0	730.0	1.18343771	-3.17557955
45380.0	731.0	-1.96336508	-6.85557652
45380.0	732.0	-1.69503081	-8.25367451
45380.0	733.0	-2.06593561	-2.83597159
45380.0	734.0	-1.12352681	3.07414389
45380.0	735.0	-2.12233114	-7.41348362
45380.0	736.0	7.83785534	-0.02626133
45390.0	729.0	-1.93678474	-0.37658352
45390.0	730.0	0.95939887	-3.22333241
45390.0	731.0	-2.01694036	-6.83006191
45390.0	732.0	-1.73571634	-8.23226452
45390.0	733.0	-2.20533133	-2.8308773
45390.0	734.0	-1.21726918	3.04740238
45390.0	735.0	-2.50964546	-7.44224691
45390.0	736.0	8.37763596	-0.21473312
45400.0	737.0	-1.19103003	-0.27217254
45400.0	738.0	-1.53052807	-6.75290871
45400.0	739.0	-1.417346	-8.2331152
45400.0	740.0	-1.33103001	-2.7221725
45400.0	741.0	-0.49102995	3.35782766
45400.0	742.0	1.11762595	-9.56845665
45400.0	743.0	0.65250021	-9.82754326
45410.0	737.0	-1.18282163	-0.30588388
45410.0	738.0	-1.52820301	-6.77941465
45410.0	739.0	-1.40279269	-8.27077866
45410.0	740.0	-1.32282162	-2.75588393
45410.0	741.0	-0.48282155	3.32411623
45410.0	742.0	1.00966072	-9.38066959
45410.0	743.0	0.5418542	-9.63635445
45420.0	737.0	-1.17724383	-0.34139568
45420.0	738.0	-1.52293813	-6.81415224
45420.0	739.0	-1.39230919	-8.31156063
45420.0	740.0	-1.31724381	-2.79139566
45420.0	741.0	-0.47724372	3.2886045
45420.0	742.0	0.94457757	-9.24103928
45420.0	743.0	0.4739688	-9.49901962
45430.0	737.0	-1.16093898	-0.37656152
45430.0	738.0	-1.50530362	-6.85013151
45430.0	739.0	-1.3737359	-8.35081482
45430.0	740.0	-1.30093896	-2.82656169
45430.0	741.0	-0.46093899	3.25343847
45430.0	742.0	0.91565919	-9.09761333
45430.0	743.0	0.44008803	-9.35382843
45440.0	737.0	-1.14883018	-0.40904796
45440.0	738.0	-1.49394464	-6.88399363
45440.0	739.0	-1.35935616	-8.39110851
45440.0	740.0	-1.28883028	-2.85904813
45440.0	741.0	-0.44883019	3.22095203
45440.0	742.0	0.88718331	-8.96762753
45440.0	743.0	0.40191716	-9.21619797
45450.0	737.0	-1.13786006	-0.44073826
45450.0	738.0	-1.48112535	-6.92171574
45450.0	739.0	-1.34883511	-8.42949867
45450.0	740.0	-1.27786005	-2.89073825
45450.0	741.0	-0.43786007	3.18926191
45450.0	742.0	0.88061273	-8.86915398
45450.0	743.0	0.38531581	-9.10801983
45460.0	737.0	-1.12515759	-0.4718793
45460.0	738.0	-1.47199321	-6.95850754
45460.0	739.0	-1.33719611	-8.4639616
45460.0	740.0	-1.26515758	-2.92187929
45460.0	741.0	-0.42515758	3.15812087
45460.0	742.0	0.85636932	-8.78518867
45460.0	743.0	0.35028917	-9.02391052
45470.0	737.0	-1.10960126	-0.50066209
45470.0	738.0	-1.45700741	-6.99258041
45470.0	739.0	-1.3199861	-8.49185467
45470.0	740.0	-1.24977744	-2.95066309
45470.0	741.0	-0.40938801	3.12930965
45470.0	742.0	0.83772349	-8.70497417
45470.0	743.0	0.32496428	-8.95380116
45480.0	737.0	-1.09292293	-0.52756435
45480.0	738.0	-1.44211507	-7.01978922
45480.0	739.0	-1.30533195	-8.51203251
45480.0	740.0	-1.23335028	-2.97771931
45480.0	741.0	-0.39225855	3.10241008
45480.0	742.0	0.82161719	-8.62602711
45480.0	743.0	0.30582297	-8.90231419
45490.0	737.0	-1.08131027	-0.54932696
45490.0	738.0	-1.43048787	-7.04072905
45490.0	739.0	-1.29431593	-8.52583504
45490.0	740.0	-1.22187686	-2.99941683
45490.0	741.0	-0.37992328	3.08026624
45490.0	742.0	0.80350137	-8.5424242
45490.0	743.0	0.2966316	-8.85202026
45500.0	737.0	-1.07183683	-0.57234764
45500.0	738.0	-1.41746461	-7.06297684
45500.0	739.0	-1.27901709	-8.5380888
45500.0	740.0	-1.21319056	-3.02283239
45500.0	741.0	-0.36993602	3.05724263
45500.0	742.0	0.75953436	-8.43970394
45500.0	743.0	0.28131244	-8.79969406
45510.0	737.0	-1.06062853	-0.59077471
45510.0	738.0	-1.39783001	-7.07882881
45510.0	739.0	-1.25340164	-8.54386234
45510.0	740.0	-1.20347857	-3.0409565
45510.0	741.0	-0.3582246	3.03743267
45510.0	742.0	0.69045651	-8.33198643
45510.0	743.0	0.24971101	-8.75596333
45520.0	737.0	-1.04469657	-0.59215099
45520.0	738.0	-1.36980212	-7.07540464
45520.0	739.0	-1.20926011	-8.5294857
45520.0	740.0	-1.18831217	-3.04237628
45520.0	741.0	-0.345577	3.03396964
45520.0	742.0	0.58421481	-8.2127285
45520.0	743.0	0.17705145	-8.70419979
45530.0	737.0	-1.01106048	-0.57726836
45530.0	738.0	-1.31469381	-7.05727911
45530.0	739.0	-1.12726569	-8.50208664
45530.0	740.0	-1.15563786	-3.02779555
45530.0	741.0	-0.3173573	3.04618549
45530.0	742.0	0.40420616	-8.06803608
45530.0	743.0	0.04188478	-8.62885857
45540.0	737.0	-0.95300388	-0.5417338
45540.0	738.0	-1.22824657	-7.02091646
45540.0	739.0	-1.00904989	-8.45619583
45540.0	740.0	-1.10207903	-2.99166322
45540.0	741.0	-0.26548553	3.07719183
45540.0	742.0	0.19822443	-7.92568493
45540.0	743.0	-0.14747119	-8.55555534
45550.0	737.0	-0.87629682	-0.50873727
45550.0	738.0	-1.11873603	-6.9894762
45550.0	739.0	-0.86460644	-8.41856194
45550.0	740.0	-1.03542924	-2.95451212
45550.0	741.0	-0.18999052	3.09908915
45550.0	742.0	-0.01197612	-7.8263607
45550.0	743.0	-0.33839875	-8.50706291
45560.0	737.0	-0.77080548	-0.4736461
45560.0	738.0	-0.98247445	-6.9507308
45560.0	739.0	-0.69349146	-8.38094902
45560.0	740.0	-0.93881732	-2.9185605
45560.0	741.0	-0.07915333	3.11664605
45560.0	742.0	-0.23550737	-7.7606082
45560.0	743.0	-0.54300815	-8.45764923
45570.0	737.0	-0.63455349	-0.43015939
45570.0	738.0	-0.81871074	-6.90548754
45570.0	739.0	-0.49655879	-8.33682251
45570.0	740.0	-0.81648654	-2.87036014
45570.0	741.0	0.06857991	3.14238906
45570.0	742.0	-0.42310274	-7.73674297
45570.0	743.0	-0.73021799	-8.42525864
45580.0	737.0	-0.51025772	-0.41776761
45580.0	738.0	-0.67286551	-6.8894968
45580.0	739.0	-0.33339131	-8.32175541
45580.0	740.0	-0.70110029	-2.85878301
45580.0	741.0	0.19436103	3.14363909
45580.0	742.0	-0.62422454	-7.77465439
45580.0	743.0	-0.92320508	-8.44232273
45590.0	737.0	-0.34957612	-0.41157633
45590.0	738.0	-0.49019396	-6.88149023
45590.0	739.0	-0.12366056	-8.32444096
45590.0	740.0	-0.55707741	-2.84893131
45590.0	741.0	0.37543619	3.12171268
45590.0	742.0	-0.82891285	-7.80674267
45590.0	743.0	-1.12028742	-8.44528866
45600.0	744.0	-1.19343054	-0.26242697
45600.0	745.0	-1.55290043	-6.72219229
45600.0	746.0	-1.43064487	-8.16076469
45600.0	747.0	-1.33343053	-2.71242714
45600.0	748.0	-0.4934305	3.36757302
45610.0	744.0	-1.20272839	-0.25515127
45610.0	745.0	-1.56633019	-6.71340466
45610.0	746.0	-1.42459631	-8.17263031
45610.0	747.0	-1.34272838	-2.70515132
45610.0	748.0	-0.50272834	3.37484884
45620.0	744.0	-1.20465481	-0.26114905
45620.0	745.0	-1.57631218	-6.71561337
45620.0	746.0	-1.42118132	-8.19124794
45620.0	747.0	-1.3446548	-2.71114922
45620.0	748.0	-0.50465477	3.36885118
45630.0	744.0	-1.2056576	-0.25895128
45630.0	745.0	-1.58379042	-6.70560122
45630.0	746.0	-1.41609085	-8.19425297
45630.0	747.0	-1.34565759	-2.70895123
45630.0	748.0	-0.50565749	3.37104893
45640.0	744.0	-1.20755255	-0.25550401
45640.0	745.0	-1.59210217	-6.69911575
45640.0	746.0	-1.4162246	-8.19182014
45640.0	747.0	-1.34755254	-2.70550418
45640.0	748.0	-0.5075525	3.37449598
45650.0	744.0	-1.21013403	-0.25735149
45650.0	745.0	-1.59827673	-6.69665146
45650.0	746.0	-1.41805005	-8.18632603
45650.0	747.0	-1.35013402	-2.70735145
45650.0	748.0	-0.51013398	3.37264872
45660.0	744.0	-1.21047759	-0.25393334
45660.0	745.0	-1.59202433	-6.70262527
45660.0	746.0	-1.41242385	-8.18105984
45660.0	747.0	-1.35054314	-2.70400429
45660.0	748.0	-0.51057279	3.37642765
45670.0	744.0	-1.21482646	-0.24725524
45670.0	745.0	-1.59178448	-6.70113802
45670.0	746.0	-1.41398823	-8.16875744
45670.0	747.0	-1.35600185	-2.69782114
45670.0	748.0	-0.51465219	3.38322711
45680.0	744.0	-1.21942925	-0.24440172
45680.0	745.0	-1.59009266	-6.70338583
45680.0	746.0	-1.41563439	-8.16353512
45680.0	747.0	-1.3622117	-2.69537306
45680.0	748.0	-0.51595414	3.38584518
45690.0	744.0	-1.2396313	-0.23196609
45690.0	745.0	-1.60823858	-6.68997478
45690.0	746.0	-1.43514442	-8.13953495
45690.0	747.0	-1.38503182	-2.68253589
45690.0	748.0	-0.52893883	3.39885473
45700.0	744.0	-1.27996218	-0.21100104
45700.0	745.0	-1.65713608	-6.66576147
45700.0	746.0	-1.47945666	-8.10440922
45700.0	747.0	-1.4253242	-2.66351819
45700.0	748.0	-0.56809431	3.41921425
45710.0	744.0	-1.28628552	-0.22524884
45710.0	745.0	-1.66204596	-6.68675232
45710.0	746.0	-1.48522663	-8.11484051
45710.0	747.0	-1.43062127	-2.67913795
45710.0	748.0	-0.57205302	3.40392113
45720.0	744.0	-1.35396934	-0.16595986
45720.0	745.0	-1.74000454	-6.61954069
45720.0	746.0	-1.54548168	-8.03211117
45720.0	747.0	-1.50645876	-2.61503124
45720.0	748.0	-0.62842429	3.4528904
45730.0	744.0	-1.24795032	-0.07430249
45730.0	745.0	-1.62511861	-6.50609398
45730.0	746.0	-1.41206992	-7.91689301
45730.0	747.0	-1.40408969	-2.51325154
45730.0	748.0	-0.53851467	3.54592085
45740.0	744.0	-0.91888249	-0.0588354
45740.0	745.0	-1.26255131	-6.49150229
45740.0	746.0	-1.03198314	-7.89179277
45740.0	747.0	-1.07388306	-2.49223518
45740.0	748.0	-0.23142308	3.55253625
45750.0	744.0	-0.58136392	-0.00130527
45750.0	745.0	-0.89866078	-6.4171381
45750.0	746.0	-0.64082515	-7.819489
45750.0	747.0	-0.72677648	-2.42700362
45750.0	748.0	0.08878231	3.59440207
45760.0	744.0	-0.22622806	0.03623559
45760.0	745.0	-0.53222489	-6.37572718
45760.0	746.0	-0.25284076	-7.7704854
45760.0	747.0	-0.36282158	-2.38243675
45760.0	748.0	0.41659713	3.61657977
45770.0	744.0	0.14790833	0.08680777
45770.0	745.0	-0.14437616	-6.31804132
45770.0	746.0	0.16546035	-7.72068214
45770.0	747.0	0.02890265	-2.33428621
45770.0	748.0	0.76362979	3.66085505
45780.0	744.0	0.48957109	0.1070347
45780.0	745.0	0.20777404	-6.29630661
45780.0	746.0	0.54123199	-7.69473028
45780.0	747.0	0.3873589	-2.30904245
45780.0	748.0	1.08649921	3.66061878
45790.0	744.0	0.94655418	0.12750064
45790.0	745.0	0.66374052	-6.26999521
45790.0	746.0	1.02495146	-7.67365074
45790.0	747.0	0.85682237	-2.28907633
45790.0	748.0	1.52922273	3.67015457
45800.0	749.0	-1.19665682	-0.25600499
45800.0	750.0	-1.55915177	-6.70544004
45800.0	751.0	-1.43908656	-8.14316654
45800.0	752.0	-1.33665681	-2.7060051
45800.0	753.0	-0.49665678	3.37399507
45810.0	749.0	-1.19080532	-0.25731358
45810.0	750.0	-1.57080913	-6.699296
45810.0	751.0	-1.43115151	-8.14549923
45810.0	752.0	-1.3308053	-2.70731354
45810.0	753.0	-0.49080527	3.37268662
45820.0	749.0	-1.19256723	-0.2672807
45820.0	750.0	-1.57945168	-6.69917679
45820.0	751.0	-1.43044472	-8.15606022
45820.0	752.0	-1.33256721	-2.71728086
45820.0	753.0	-0.49256721	3.3627193
45830.0	749.0	-1.19233334	-0.27115333
45830.0	750.0	-1.58685243	-6.69991493
45830.0	751.0	-1.42862082	-8.1601696
45830.0	752.0	-1.33233333	-2.72115326
45830.0	753.0	-0.49233332	3.35884666
45840.0	749.0	-1.19403303	-0.27029181
45840.0	750.0	-1.59493935	-6.69705009
45840.0	751.0	-1.43656492	-8.15139866
45840.0	752.0	-1.33403301	-2.72029185
45840.0	753.0	-0.49403304	3.35970831
45850.0	749.0	-1.19412279	-0.26784679
45850.0	750.0	-1.58997691	-6.70409298
45850.0	751.0	-1.43900239	-8.14737225
45850.0	752.0	-1.3339982	-2.71799326
45850.0	753.0	-0.49427068	3.36252141
45860.0	749.0	-1.19720769	-0.26425898
45860.0	750.0	-1.59129488	-6.70255041
45860.0	751.0	-1.44282281	-8.13680744
45860.0	752.0	-1.3380307	-2.71463799
45860.0	753.0	-0.49730361	3.36606574
45870.0	749.0	-1.2030189	-0.26391
45870.0	750.0	-1.59152734	-6.70522356
45870.0	751.0	-1.44732606	-8.13151169
45870.0	752.0	-1.34498417	-2.71482086
45870.0	753.0	-0.50030911	3.36615896
45880.0	749.0	-1.22491586	-0.25206482
45880.0	750.0	-1.60922718	-6.69249201
45880.0	751.0	-1.46862376	-8.10926819
45880.0	752.0	-1.36950815	-2.70259857
45880.0	753.0	-0.51517278	3.37839818
45890.0	749.0	-1.2670958	-0.2340003
45890.0	750.0	-1.65863621	-6.67331791
45890.0	751.0	-1.51538861	-8.07814789
45890.0	752.0	-1.41202641	-2.68674493
45890.0	753.0	-0.55571675	3.39631391
45900.0	749.0	-1.27444232	-0.25044581
45900.0	750.0	-1.66347694	-6.69619894
45900.0	751.0	-1.52339184	-8.0884676
45900.0	752.0	-1.41938806	-2.70505738
45900.0	753.0	-0.56108683	3.37915063
45910.0	749.0	-1.34275246	-0.1969038
45910.0	750.0	-1.74792218	-6.63547134
45910.0	751.0	-1.59455836	-8.0117836
45910.0	752.0	-1.4995687	-2.64821172
45910.0	753.0	-0.61432689	3.42212749
45920.0	749.0	-1.24657273	-0.09286447
45920.0	750.0	-1.63964903	-6.51174116
45920.0	751.0	-1.469396	-7.88941288
45920.0	752.0	-1.40547991	-2.5406456
45920.0	753.0	-0.53391373	3.51930451
45930.0	749.0	-0.92627341	-0.08092748
45930.0	750.0	-1.27580404	-6.50898027
45930.0	751.0	-1.09109807	-7.8722887
45930.0	752.0	-1.08775783	-2.52432895
45930.0	753.0	-0.22286505	3.51961279
45940.0	749.0	-0.58112323	-0.01881287
45940.0	750.0	-0.89974916	-6.43463516
45940.0	751.0	-0.69869554	-7.79219484
45940.0	752.0	-0.74399245	-2.45369625
45940.0	753.0	0.10470062	3.56860638
45950.0	749.0	-0.23404813	0.01291703
45950.0	750.0	-0.53639758	-6.39746904
45950.0	751.0	-0.32119131	-7.74783897
45950.0	752.0	-0.39479989	-2.41579151
45950.0	753.0	0.42970896	3.58401394
45960.0	749.0	0.12586844	0.07264687
45960.0	750.0	-0.15962744	-6.32947588
45960.0	751.0	0.06741416	-7.68391466
45960.0	752.0	-0.02990973	-2.35456133
45960.0	753.0	0.77589262	3.63401389
45970.0	749.0	0.49149179	0.14469697
45970.0	750.0	0.21699345	-6.25736952
45970.0	751.0	0.45603597	-7.60746479
45970.0	752.0	0.33685064	-2.28028464
45970.0	753.0	1.12267542	3.68605876
45980.0	749.0	0.82378197	0.22240104
45980.0	750.0	0.55564773	-6.17596197
45980.0	751.0	0.81087208	-7.5222187
45980.0	752.0	0.66872966	-2.20825291
45980.0	753.0	1.44720936	3.76050496
45990.0	749.0	1.27075386	0.30408865
45990.0	750.0	1.00040805	-6.09368849
45990.0	751.0	1.28043628	-7.43567228
45990.0	752.0	1.11283243	-2.13506508
45990.0	753.0	1.8876946	3.84059429
46000.0	754.0	-1.19890475	-0.25637296
46000.0	755.0	-1.55585659	-6.70913458
46000.0	756.0	-1.43360007	-8.22694397
46000.0	757.0	-1.33890474	-2.70637298
46000.0	758.0	-0.49890471	3.37362719
46010.0	754.0	-1.20232391	-0.25702631
46010.0	755.0	-1.56442976	-6.71030807
46010.0	756.0	-1.43073487	-8.23355007
46010.0	757.0	-1.3423239	-2.70702648
46010.0	758.0	-0.50232387	3.37297368
46020.0	754.0	-1.19883251	-0.26740295
46020.0	755.0	-1.56131601	-6.72272778
46020.0	756.0	-1.42895949	-8.24643993
46020.0	757.0	-1.3388325	-2.71740294
46020.0	758.0	-0.49883246	3.36259723
46030.0	754.0	-1.19281924	-0.26535103
46030.0	755.0	-1.56069493	-6.72153473
46030.0	756.0	-1.42719531	-8.24312592
46030.0	757.0	-1.33281922	-2.7153511
46030.0	758.0	-0.49281919	3.36464906
46040.0	754.0	-1.18958855	-0.26633397
46040.0	755.0	-1.55502594	-6.73177004
46040.0	756.0	-1.42312384	-8.24142551
46040.0	757.0	-1.3296653	-2.71640134
46040.0	758.0	-0.4896667	3.36402154
46050.0	754.0	-1.19221878	-0.2585471
46050.0	755.0	-1.55837393	-6.72613907
46050.0	756.0	-1.42718291	-8.22745514
46050.0	757.0	-1.33337307	-2.70904589
46050.0	758.0	-0.49223909	3.37157869
46060.0	754.0	-1.19395125	-0.25704414
46060.0	755.0	-1.56433082	-6.72927999
46060.0	756.0	-1.42978299	-8.22256756
46060.0	757.0	-1.33664417	-2.70796037
46060.0	758.0	-0.49105251	3.37292814
46070.0	754.0	-1.2104851	-0.24299312
46070.0	755.0	-1.58135331	-6.71188021
46070.0	756.0	-1.44600999	-8.19629765
46070.0	757.0	-1.3557595	-2.69348598
46070.0	758.0	-0.50063914	3.38747454
46080.0	754.0	-1.25387716	-0.21797296
46080.0	755.0	-1.63549495	-6.68438768
46080.0	756.0	-1.49371231	-8.15745831
46080.0	757.0	-1.39932287	-2.67064452
46080.0	758.0	-0.54233426	3.41233492
46090.0	754.0	-1.26098001	-0.2342447
46090.0	755.0	-1.64153826	-6.70281506
46090.0	756.0	-1.50390899	-8.16257954
46090.0	757.0	-1.40700448	-2.68734121
46090.0	758.0	-0.54819602	3.39508295
46100.0	754.0	-1.32056713	-0.18860337
46100.0	755.0	-1.72247922	-6.64676952
46100.0	756.0	-1.57706881	-8.08522511
46100.0	757.0	-1.4822396	-2.63614178
46100.0	758.0	-0.59303355	3.42749047
46110.0	754.0	-1.23677266	-0.0702545
46110.0	755.0	-1.62271523	-6.51477337
46110.0	756.0	-1.45686543	-7.96653795
46110.0	757.0	-1.39962339	-2.52208543
46110.0	758.0	-0.52425838	3.53520703
46120.0	754.0	-0.9339748	-0.06206872
46120.0	755.0	-1.26892877	-6.51881933
46120.0	756.0	-1.09013605	-7.95735359
46120.0	757.0	-1.09672785	-2.51278043
46120.0	758.0	-0.23736039	3.53210402
46130.0	754.0	-0.58570731	0.00424577
46130.0	755.0	-0.89070439	-6.441401
46130.0	756.0	-0.70295334	-7.88406849
46130.0	757.0	-0.75658524	-2.440238
46130.0	758.0	0.08292115	3.58743382
46140.0	754.0	-0.24323654	0.04728223
46140.0	755.0	-0.53179407	-6.39131117
46140.0	756.0	-0.34387887	-7.82772684
46140.0	757.0	-0.41828912	-2.39305305
46140.0	758.0	0.39524353	3.61415315
46150.0	754.0	0.11707997	0.09825028
46150.0	755.0	-0.15792751	-6.33126116
46150.0	756.0	0.02806389	-7.76630163
46150.0	757.0	-0.05879748	-2.33996248
46150.0	758.0	0.72161007	3.65209317
46160.0	754.0	0.46686792	0.16728546
46160.0	755.0	0.20155299	-6.26001835
46160.0	756.0	0.38231468	-7.68516254
46160.0	757.0	0.28591168	-2.26600432
46160.0	758.0	1.05100572	3.69703698
46170.0	754.0	0.83138871	0.30715722
46170.0	755.0	0.56888473	-6.11751652
46170.0	756.0	0.75068331	-7.54425335
46170.0	757.0	0.63611376	-2.13481426
46170.0	758.0	1.39545286	3.83943295
46180.0	754.0	1.18004417	0.41024828
46180.0	755.0	0.91096723	-6.01460934
46180.0	756.0	1.10499692	-7.4423666
46180.0	757.0	0.97177756	-2.04257917
46180.0	758.0	1.71948671	3.93783212
46190.0	754.0	1.58796453	0.49351597
46190.0	755.0	1.30950534	-5.93377495
46190.0	756.0	1.50745654	-7.35150719
46190.0	757.0	1.35535538	-1.96645641
46190.0	758.0	2.10407209	4.01755381
