38400.0	631.0	3.75683832	-4.5424242
38400.0	632.0	3.10249567	-4.58900642
38410.0	631.0	3.18837428	-4.46994877
38410.0	632.0	2.54129505	-4.51361132
38420.0	631.0	2.59623694	-4.32364368
38420.0	632.0	1.95671272	-4.36495781
38430.0	631.0	1.98398852	-4.16562176
38430.0	632.0	1.35441756	-4.19667673
38440.0	631.0	1.37200069	-4.0003686
38440.0	632.0	0.74619365	-4.02716255
38450.0	631.0	0.82652187	-3.87110472
38450.0	632.0	0.19287896	-3.90811014
38460.0	631.0	0.29293036	-3.75688553
38460.0	632.0	-0.34806633	-3.81430936
38470.0	631.0	-0.2355094	-3.6451633
38470.0	632.0	-0.89354825	-3.72067022
38480.0	631.0	-0.7540679	-3.52614474
38480.0	632.0	-1.42777276	-3.62618661
38490.0	631.0	-1.27232456	-3.41407394
38490.0	632.0	-1.96485496	-3.53945923
38500.0	631.0	-1.7820282	-3.29952288
38500.0	632.0	-2.49423099	-3.44355774
38510.0	631.0	-2.28813457	-3.17917204
38510.0	632.0	-3.01061082	-3.33682632
38520.0	631.0	-2.77684498	-3.0666039
38520.0	632.0	-3.51432109	-3.23252702
38530.0	631.0	-3.26073885	-2.95432663
38530.0	632.0	-4.00431824	-3.11929464
38540.0	631.0	-3.72477865	-2.84595013
38540.0	632.0	-4.4697504	-3.00416064
38550.0	631.0	-4.16279411	-2.74070382
38550.0	632.0	-4.90729809	-2.89798975
38560.0	631.0	-4.56836653	-2.64657831
38560.0	632.0	-5.31656075	-2.80338669
38570.0	631.0	-4.97469759	-2.54356146
38570.0	632.0	-5.73276901	-2.70659184
38580.0	631.0	-5.37055254	-2.44405818
38580.0	632.0	-6.132967	-2.61813593
38590.0	631.0	-5.7921052	-2.36235237
38590.0	632.0	-6.55866146	-2.54002523
38600.0	633.0	3.79025102	-4.13698483
38600.0	634.0	3.10960126	-4.21248388
38610.0	633.0	3.24949837	-4.04571915
38610.0	634.0	2.55925202	-4.11854267
38620.0	633.0	2.66479421	-3.89410472
38620.0	634.0	1.97747731	-3.96337771
38630.0	633.0	2.06212068	-3.74879217
38630.0	634.0	1.37777233	-3.80564713
38640.0	633.0	1.4683013	-3.58100843
38640.0	634.0	0.78026676	-3.6374433
38650.0	633.0	0.92443275	-3.4458456
38650.0	634.0	0.23728514	-3.51467466
38660.0	633.0	0.39200521	-3.33199263
38660.0	634.0	-0.30041647	-3.41851211
38670.0	633.0	-0.13195086	-3.21262455
38670.0	634.0	-0.83680058	-3.32491708
38680.0	633.0	-0.65285397	-3.10021639
38680.0	634.0	-1.37561846	-3.2359395
38690.0	633.0	-1.16552734	-2.98620892
38690.0	634.0	-1.90482521	-3.14136362
38700.0	633.0	-1.67241907	-2.86571503
38700.0	634.0	-2.42075729	-3.03416061
38710.0	633.0	-2.16857481	-2.75367689
38710.0	634.0	-2.93229628	-2.93203425
38720.0	633.0	-2.66662073	-2.64662504
38720.0	634.0	-3.43365765	-2.82731009
38730.0	633.0	-3.16329718	-2.54419065
38730.0	634.0	-3.92967558	-2.72053909
38740.0	633.0	-3.64100933	-2.44314814
38740.0	634.0	-4.40748596	-2.61354518
38750.0	633.0	-4.07572269	-2.34170055
38750.0	634.0	-4.84684706	-2.50400233
38760.0	633.0	-4.48303652	-2.23379517
38760.0	634.0	-5.27074814	-2.39905334
38770.0	633.0	-4.89813852	-2.11477709
38770.0	634.0	-5.68701935	-2.27045822
38780.0	633.0	-5.31596899	-1.99581289
38780.0	634.0	-6.1114397	-2.1364944
38790.0	633.0	-5.74953318	-1.9017818
38790.0	634.0	-6.54316902	-2.03504157
38800.0	635.0	3.81180573	-3.78246093
38800.0	636.0	3.05220127	-3.81899309
38800.0	637.0	3.0042367	-9.02851105
38810.0	635.0	3.25569534	-3.71274209
38810.0	636.0	2.50668001	-3.74576473
38810.0	637.0	2.4598732	-8.89566135
38820.0	635.0	2.66471338	-3.56859636
38820.0	636.0	1.92660165	-3.60348392
38820.0	637.0	1.87922525	-8.64342499
38830.0	635.0	2.06400514	-3.4121387
38830.0	636.0	1.33372664	-3.45395684
38830.0	637.0	1.29657507	-8.36975384
38840.0	635.0	1.46117258	-3.24265957
38840.0	636.0	0.74417377	-3.29341698
38840.0	637.0	0.71495175	-8.09471989
38850.0	635.0	0.92499757	-3.10512495
38850.0	636.0	0.22054982	-3.15782905
38850.0	637.0	0.18873692	-7.85937834
38860.0	635.0	0.39905643	-2.97877717
38860.0	636.0	-0.28723383	-3.03890872
38860.0	637.0	-0.34430027	-7.65699387
38870.0	635.0	-0.11905813	-2.85779786
38870.0	636.0	-0.79907155	-2.92416811
38870.0	637.0	-0.89383149	-7.4694891
38880.0	635.0	-0.6321826	-2.74297261
38880.0	636.0	-1.29759812	-2.8096931
38880.0	637.0	-1.42981195	-7.29454994
38890.0	635.0	-1.13543224	-2.62726831
38890.0	636.0	-1.78366637	-2.68916965
38890.0	637.0	-1.95013046	-7.11836958
38900.0	635.0	-1.6327014	-2.51818609
38900.0	636.0	-2.26469064	-2.57553244
38900.0	637.0	-2.46310043	-6.95815516
38910.0	635.0	-2.12715769	-2.41018152
38910.0	636.0	-2.7531321	-2.46587038
38910.0	637.0	-2.97037363	-6.80707741
38920.0	635.0	-2.61671114	-2.30109692
38920.0	636.0	-3.23982215	-2.35891318
38920.0	637.0	-3.47431278	-6.65473127
38930.0	635.0	-3.09096766	-2.19214392
38930.0	636.0	-3.71991134	-2.25891638
38930.0	637.0	-3.96344566	-6.5059576
38940.0	635.0	-3.54687929	-2.08601189
38940.0	636.0	-4.17917252	-2.16170645
38940.0	637.0	-4.43118525	-6.36410904
38950.0	635.0	-3.96244526	-1.98287821
38950.0	636.0	-4.59519005	-2.06491971
38950.0	637.0	-4.86014843	-6.23932076
38960.0	635.0	-4.35155201	-1.8820895
38960.0	636.0	-4.98489189	-1.96429455
38960.0	637.0	-5.26139832	-6.1198082
38970.0	635.0	-4.75344563	-1.77796841
38970.0	636.0	-5.3894453	-1.85695565
38970.0	637.0	-5.66419697	-5.98723125
38980.0	635.0	-5.14677429	-1.67515612
38980.0	636.0	-5.79062271	-1.75194693
38980.0	637.0	-6.06211185	-5.86215305
38990.0	635.0	-5.54945278	-1.58701634
38990.0	636.0	-6.20791626	-1.66533804
38990.0	637.0	-6.47343636	-5.7656641
39000.0	638.0	3.7906723	-3.40836501
39000.0	639.0	3.01255965	-3.42791677
39000.0	640.0	3.04889131	-8.43872643
39010.0	638.0	3.24265075	-3.33471775
39010.0	639.0	2.46648383	-3.34193993
39010.0	640.0	2.49311447	-8.30465984
39020.0	638.0	2.66733646	-3.18947577
39020.0	639.0	1.89009237	-3.19313073
39020.0	640.0	1.92097402	-8.06382751
39030.0	638.0	2.0789578	-3.0291338
39030.0	639.0	1.29937577	-3.03667259
39030.0	640.0	1.3400147	-7.79140234
39040.0	638.0	1.49071741	-2.85428238
39040.0	639.0	0.71546507	-2.86720896
39040.0	640.0	0.76095438	-7.51613665
39050.0	638.0	0.96216488	-2.71079588
39050.0	639.0	0.19363356	-2.72865033
39050.0	640.0	0.22575879	-7.28676414
39060.0	638.0	0.44241762	-2.58550262
39060.0	639.0	-0.32715416	-2.60665417
39060.0	640.0	-0.32002807	-7.08768797
39070.0	638.0	-0.07581067	-2.46729732
39070.0	639.0	-0.83675575	-2.48387194
39070.0	640.0	-0.86590719	-6.90241575
39080.0	638.0	-0.58129072	-2.35073185
39080.0	639.0	-1.32863712	-2.3593533
39080.0	640.0	-1.39470148	-6.72376013
39090.0	638.0	-1.08134317	-2.24100113
39090.0	639.0	-1.81972837	-2.24169993
39090.0	640.0	-1.91731691	-6.56009626
39100.0	638.0	-1.57524824	-2.1335845
39100.0	639.0	-2.30839443	-2.12934399
39100.0	640.0	-2.42417574	-6.4075532
39110.0	638.0	-2.06851673	-2.02303171
39110.0	639.0	-2.79993534	-2.02179146
39110.0	640.0	-2.93056059	-6.25513077
39120.0	638.0	-2.55127525	-1.9143368
39120.0	639.0	-3.28800297	-1.9237318
39120.0	640.0	-3.42614269	-6.10686922
39130.0	638.0	-3.03059626	-1.80363035
39130.0	639.0	-3.77200508	-1.82492709
39130.0	640.0	-3.91325045	-5.95760632
39140.0	638.0	-3.48352623	-1.69690859
39140.0	639.0	-4.2282548	-1.72462881
39140.0	640.0	-4.37624025	-5.82421589
39150.0	638.0	-3.89201069	-1.59163702
39150.0	639.0	-4.63956881	-1.62352788
39150.0	640.0	-4.79707146	-5.70244408
39160.0	638.0	-4.2916913	-1.49055374
39160.0	639.0	-5.03531981	-1.52401745
39160.0	640.0	-5.19940758	-5.58844185
39170.0	638.0	-4.70317507	-1.38339686
39170.0	639.0	-5.44400454	-1.42349315
39170.0	640.0	-5.61000729	-5.47248459
39180.0	638.0	-5.09817266	-1.26594925
39180.0	639.0	-5.84538698	-1.31662202
39180.0	640.0	-6.00202465	-5.35262203
39190.0	638.0	-5.51073694	-1.17153859
39190.0	639.0	-6.26613092	-1.23032188
39190.0	640.0	-6.41417027	-5.25863028
39200.0	641.0	3.79984021	-3.03979135
39200.0	642.0	3.04998755	-3.05246258
39200.0	643.0	3.04733133	-7.84650755
39210.0	641.0	3.24850059	-2.95942259
39210.0	642.0	2.50252914	-2.97340345
39210.0	643.0	2.5025034	-7.66471338
39220.0	641.0	2.66887307	-2.81008124
39220.0	642.0	1.91879606	-2.8316865
39220.0	643.0	1.95036101	-7.39841557
39230.0	641.0	2.07857752	-2.64693475
39230.0	642.0	1.33161449	-2.67640996
39230.0	643.0	1.38680053	-7.10304213
39240.0	641.0	1.48543906	-2.46897316
39240.0	642.0	0.74541235	-2.50600123
39240.0	643.0	0.82336712	-6.80934906
39250.0	641.0	0.95159149	-2.32890081
39250.0	642.0	0.21777415	-2.36317539
39250.0	643.0	0.29842496	-6.57555103
39260.0	641.0	0.42940521	-2.20919275
39260.0	642.0	-0.28662252	-2.24230337
39260.0	643.0	-0.23129201	-6.38102388
39270.0	641.0	-0.08169389	-2.09236526
39270.0	642.0	-0.78543878	-2.1220963
39270.0	643.0	-0.7593143	-6.19731426
39280.0	641.0	-0.5840385	-1.98342395
39280.0	642.0	-1.27491307	-2.00768113
39280.0	643.0	-1.28124809	-6.03497791
39290.0	641.0	-1.08008409	-1.87683558
39290.0	642.0	-1.76714492	-1.89798188
39290.0	643.0	-1.79312134	-5.88463402
39300.0	641.0	-1.57045054	-1.76681542
39300.0	642.0	-2.25689721	-1.79137182
39300.0	643.0	-2.29429293	-5.73321962
39310.0	641.0	-2.05065036	-1.65606236
39310.0	642.0	-2.74373984	-1.6911236
39310.0	643.0	-2.78685856	-5.58331442
39320.0	641.0	-2.52962804	-1.54539871
39320.0	642.0	-3.23075414	-1.59238887
39320.0	643.0	-3.26980591	-5.43407822
39330.0	641.0	-3.00239396	-1.43348539
39330.0	642.0	-3.70838857	-1.48643076
39330.0	643.0	-3.7522645	-5.29591084
39340.0	641.0	-3.43954492	-1.32543743
39340.0	642.0	-4.15474701	-1.37937832
39340.0	643.0	-4.19513273	-5.16674137
39350.0	641.0	-3.85106206	-1.22790909
39350.0	642.0	-4.57270622	-1.27594995
39350.0	643.0	-4.61251879	-5.04911232
39360.0	641.0	-4.24012375	-1.134534
39360.0	642.0	-4.9675436	-1.1767174
39360.0	643.0	-5.00968552	-4.94367123
39370.0	641.0	-4.62665653	-1.0364933
39370.0	642.0	-5.35933399	-1.07236218
39370.0	643.0	-5.39033508	-4.8363533
39380.0	641.0	-5.0056181	-0.93488264
39380.0	642.0	-5.74743176	-0.96376252
39380.0	643.0	-5.76144981	-4.73008251
39390.0	641.0	-5.40955639	-0.8552115
39390.0	642.0	-6.15683651	-0.87761664
39390.0	643.0	-6.15834618	-4.64797449
39400.0	644.0	3.42221785	-8.85959053
39400.0	645.0	1.12180996	-10.14459705
39410.0	644.0	2.87402678	-8.70924282
39410.0	645.0	0.58010405	-10.01344585
39420.0	644.0	2.33183479	-8.45125389
39420.0	645.0	0.02650917	-9.77026367
39430.0	644.0	1.75436032	-8.13592815
39430.0	645.0	-0.55883181	-9.46515465
39440.0	644.0	1.17801905	-7.86330605
39440.0	645.0	-1.13960421	-9.21702766
39450.0	644.0	0.63294506	-7.66295719
39450.0	645.0	-1.69186842	-9.02204323
39460.0	644.0	0.08181334	-7.48665047
39460.0	645.0	-2.24464989	-8.8381958
39470.0	644.0	-0.47495341	-7.33061218
39470.0	645.0	-2.80517769	-8.67667198
39480.0	644.0	-1.03624034	-7.16746378
39480.0	645.0	-3.36963987	-8.49496841
39490.0	644.0	-1.5962646	-6.9919672
39490.0	645.0	-3.92029333	-8.30169296
39500.0	644.0	-2.14459157	-6.8153801
39500.0	645.0	-4.47168732	-8.12193584
39510.0	644.0	-2.69436097	-6.62807274
39510.0	645.0	-5.02036524	-7.9237957
39520.0	644.0	-3.23870349	-6.42576885
39520.0	645.0	-5.56135464	-7.72495556
39530.0	644.0	-3.75971675	-6.22165203
39530.0	645.0	-6.08293438	-7.53342247
39540.0	644.0	-4.25519753	-6.02720594
39540.0	645.0	-6.57390261	-7.34488201
39550.0	644.0	-4.71325493	-5.86262751
39550.0	645.0	-7.02409601	-7.17649841
39560.0	644.0	-5.13584328	-5.72038364
39560.0	645.0	-7.44751596	-7.02776575
39570.0	644.0	-5.56281376	-5.57467175
39570.0	645.0	-7.88803625	-6.8705864
39580.0	644.0	-5.98827457	-5.44496441
39580.0	645.0	-8.3222599	-6.73281765
39590.0	644.0	-6.43284607	-5.34859562
39590.0	645.0	-8.78624821	-6.63260174
39600.0	646.0	3.42836714	-8.25879288
39600.0	647.0	1.18706608	-9.48252678
39610.0	646.0	2.8675909	-8.06301022
39610.0	647.0	0.61952245	-9.32358074
39620.0	646.0	2.34557104	-7.77738237
39620.0	647.0	0.06105411	-9.06796646
39630.0	646.0	1.76993299	-7.45761347
39630.0	647.0	-0.53722858	-8.79837418
39640.0	646.0	1.20630908	-7.17792177
39640.0	647.0	-1.11701584	-8.54819679
39650.0	646.0	0.67386794	-6.9677639
39650.0	647.0	-1.66103506	-8.34256744
39660.0	646.0	0.12918663	-6.80616331
39660.0	647.0	-2.20751286	-8.1821003
39670.0	646.0	-0.43529081	-6.64498568
39670.0	647.0	-2.77907658	-8.00741386
39680.0	646.0	-0.99493241	-6.47070742
39680.0	647.0	-3.33279181	-7.81851864
39690.0	646.0	-1.54762626	-6.29643679
39690.0	647.0	-3.88748741	-7.64186239
39700.0	646.0	-2.10021758	-6.11072826
39700.0	647.0	-4.43905115	-7.44624329
39710.0	646.0	-2.65011334	-5.90784025
39710.0	647.0	-4.98752785	-7.24667978
39720.0	646.0	-3.17999768	-5.70576668
39720.0	647.0	-5.5194068	-7.05805206
39730.0	646.0	-3.70356393	-5.50506592
39730.0	647.0	-6.04441214	-6.86298037
39740.0	646.0	-4.19585228	-5.32987547
39740.0	647.0	-6.53287363	-6.6905551
39750.0	646.0	-4.64575481	-5.17507362
39750.0	647.0	-6.98323202	-6.53597927
39760.0	646.0	-5.0744133	-5.04327679
39760.0	647.0	-7.42120218	-6.39606953
39770.0	646.0	-5.50044537	-4.90248871
39770.0	647.0	-7.85686255	-6.24604034
39780.0	646.0	-5.92101288	-4.77323627
39780.0	647.0	-8.28244019	-6.11067104
39790.0	646.0	-6.36834908	-4.67775631
39790.0	647.0	-8.73625565	-6.01131773
39800.0	648.0	0.70132846	3.00560594
39800.0	649.0	-0.82921553	2.32137299
39810.0	648.0	0.96708524	2.95489073
39810.0	649.0	-1.34065294	2.26029158
39820.0	648.0	1.2600913	2.90231299
39820.0	649.0	-1.89472246	2.24018097
39830.0	648.0	1.44108331	2.85153961
39830.0	649.0	-2.45125937	2.2051928
39840.0	648.0	1.56005907	2.80808473
39840.0	649.0	-3.03003311	2.16623998
39850.0	648.0	1.69858909	2.7715137
39850.0	649.0	-3.55119228	2.08658051
39860.0	648.0	1.88139021	2.75116634
39860.0	649.0	-4.07265425	1.98895288
39870.0	648.0	2.10882425	2.75042391
39870.0	649.0	-4.61103821	1.92911649
39880.0	648.0	2.36399603	2.76447868
39880.0	649.0	-5.12477016	1.89640284
39890.0	648.0	2.63344312	2.78431797
39890.0	649.0	-5.61532831	1.87662494
39900.0	648.0	2.90683126	2.80702114
39900.0	649.0	-6.10134888	1.86232185
39910.0	648.0	3.18058133	2.8307848
39910.0	649.0	-6.58120346	1.8477664
39920.0	648.0	3.45563507	2.85554266
39920.0	649.0	-7.04900742	1.82908559
39930.0	648.0	3.73064065	2.88241005
39930.0	649.0	-7.51879692	1.8122803
39940.0	648.0	4.03092098	2.92349839
39940.0	649.0	-7.94997644	1.80077171
39950.0	648.0	4.35772133	2.98048282
39950.0	649.0	-8.34445095	1.79777312
39960.0	648.0	4.70700359	3.06074858
39960.0	649.0	-8.73171329	1.81600153
39970.0	648.0	5.0569334	3.14625549
39970.0	649.0	-9.1270504	1.84546006
39980.0	648.0	5.40725231	3.21829462
39980.0	649.0	-9.52333736	1.87530136
39990.0	648.0	5.78857803	3.25361347
39990.0	649.0	-9.91037464	1.88471508
40000.0	650.0	0.19377176	1.49683988
40000.0	651.0	1.25521934	4.06065321
40010.0	650.0	0.47536802	1.4503535
40010.0	651.0	1.56691849	4.01122522
40020.0	650.0	0.77967238	1.41346776
40020.0	651.0	1.89930749	3.96702313
40030.0	650.0	0.96921968	1.3670783
40030.0	651.0	2.12296152	3.91341901
40040.0	650.0	1.08297038	1.32532477
40040.0	651.0	2.28561139	3.87176895
40050.0	650.0	1.21959782	1.28873086
40050.0	651.0	2.46461177	3.83601856
40060.0	650.0	1.40522456	1.26935446
40060.0	651.0	2.68538547	3.82011986
40070.0	650.0	1.63762128	1.27100492
40070.0	651.0	2.93006063	3.82502604
40080.0	650.0	1.89695275	1.29273391
40080.0	651.0	3.19283009	3.84191918
40090.0	650.0	2.16013622	1.31407309
40090.0	651.0	3.46368837	3.86320591
40100.0	650.0	2.42993355	1.33694518
40100.0	651.0	3.74026966	3.88318467
40110.0	650.0	2.70198798	1.36372399
40110.0	651.0	4.02391863	3.90387607
40120.0	650.0	2.98538923	1.3934015
40120.0	651.0	4.31620598	3.93328524
40130.0	650.0	3.2702024	1.43072569
40130.0	651.0	4.62398386	3.97025967
40140.0	650.0	3.56855774	1.47749031
40140.0	651.0	4.9530158	4.01936054
40150.0	650.0	3.88452363	1.53155923
40150.0	651.0	5.30195427	4.07928467
40160.0	650.0	4.21322298	1.60873711
40160.0	651.0	5.65775585	4.1623292
40170.0	650.0	4.53859186	1.68672347
40170.0	651.0	5.996418	4.2449913
40180.0	650.0	4.8684926	1.75400198
40180.0	651.0	6.33584356	4.3192668
40190.0	650.0	5.23294401	1.79414272
40190.0	651.0	6.70909691	4.36827993
40200.0	652.0	2.88526559	-5.42191887
40200.0	653.0	2.95522451	-7.12324715
40210.0	652.0	2.32793212	-5.21649075
40210.0	653.0	2.38821769	-6.95458746
40220.0	652.0	1.80087447	-4.91668224
40220.0	653.0	1.84351015	-6.68956995
40230.0	652.0	1.23546243	-4.57807302
40230.0	653.0	1.25917935	-6.39297581
40240.0	652.0	0.65886998	-4.26417351
40240.0	653.0	0.66765881	-6.11354446
40250.0	652.0	0.12077999	-4.02193451
40250.0	653.0	0.12347746	-5.8763895
40260.0	652.0	-0.43045974	-3.81692076
40260.0	653.0	-0.42094064	-5.67083502
40270.0	652.0	-0.98777199	-3.64053059
40270.0	653.0	-0.96660423	-5.48588085
40280.0	652.0	-1.54331326	-3.4752841
40280.0	653.0	-1.5121913	-5.31165123
40290.0	652.0	-2.09133649	-3.31699538
40290.0	653.0	-2.06287813	-5.1491127
40300.0	652.0	-2.63571239	-3.15932155
40300.0	653.0	-2.6150074	-4.98027754
40310.0	652.0	-3.16498303	-3.00158238
40310.0	653.0	-3.14352465	-4.79957676
40320.0	652.0	-3.67569995	-2.86597157
40320.0	653.0	-3.67000532	-4.62367296
40330.0	652.0	-4.16960526	-2.74885345
40330.0	653.0	-4.19185734	-4.44836378
40340.0	652.0	-4.63428783	-2.64861989
40340.0	653.0	-4.68948746	-4.27050543
40350.0	652.0	-5.06442642	-2.58181787
40350.0	653.0	-5.15092516	-4.11698294
40360.0	652.0	-5.45480251	-2.52624917
40360.0	653.0	-5.57916689	-3.96682429
40370.0	652.0	-5.84200668	-2.46946812
40370.0	653.0	-5.99880838	-3.80767536
40380.0	652.0	-6.23752594	-2.40153718
40380.0	653.0	-6.42378569	-3.64964652
40390.0	652.0	-6.64640427	-2.34345603
40390.0	653.0	-6.88244772	-3.54683447
40400.0	654.0	2.5674634	-2.81054258
40400.0	655.0	-0.87084323	2.32619882
40400.0	656.0	-0.83084321	4.00619888
40400.0	657.0	-0.41495487	4.27469015
40410.0	654.0	2.07930303	-2.49072218
40410.0	655.0	-1.33919883	2.29753327
40410.0	656.0	-1.29919887	3.97753334
40410.0	657.0	-0.84311366	4.21973181
40420.0	654.0	1.62956834	-2.12077856
40420.0	655.0	-1.87484801	2.28070211
40420.0	656.0	-1.83484793	3.96070218
40420.0	657.0	-1.32910991	4.17535448
40430.0	654.0	1.12632728	-1.76268268
40430.0	655.0	-2.41260242	2.23955178
40430.0	656.0	-2.37260222	3.91955185
40430.0	657.0	-1.84196889	4.11168194
40440.0	654.0	0.63421667	-1.44133282
40440.0	655.0	-2.97822142	2.21226668
40440.0	656.0	-2.93822122	3.89226675
40440.0	657.0	-2.38604212	4.07009745
40450.0	654.0	0.15300488	-1.19247007
40450.0	655.0	-3.48829079	2.17966509
40450.0	656.0	-3.44829059	3.85966516
40450.0	657.0	-2.88669586	4.03538418
40460.0	654.0	-0.34839559	-1.00198388
40460.0	655.0	-3.99046087	2.14538479
40460.0	656.0	-3.95046091	3.82538486
40460.0	657.0	-3.38116121	4.00241756
40470.0	654.0	-0.87352896	-0.84480846
40470.0	655.0	-4.49484587	2.12434936
40470.0	656.0	-4.45484591	3.80434942
40470.0	657.0	-3.87188816	3.99161291
40480.0	654.0	-1.39005208	-0.70900583
40480.0	655.0	-4.9744606	2.10848141
40480.0	656.0	-4.93446064	3.78848147
40480.0	657.0	-4.34425068	3.98909688
40490.0	654.0	-1.89404893	-0.59222722
40490.0	655.0	-5.45209408	2.09242535
40490.0	656.0	-5.41209412	3.77242541
40490.0	657.0	-4.81503439	3.97825956
40500.0	654.0	-2.38191676	-0.49707985
40500.0	655.0	-5.93306351	2.0760603
40500.0	656.0	-5.89306355	3.75606012
40500.0	657.0	-5.29436874	3.95400572
40510.0	654.0	-2.85548139	-0.42191076
40510.0	655.0	-6.41329098	2.05829382
40510.0	656.0	-6.37329102	3.73829389
40510.0	657.0	-5.77295542	3.92333484
40520.0	654.0	-3.3151629	-0.37445521
40520.0	655.0	-6.88897848	2.04472303
40520.0	656.0	-6.84897852	3.7247231
40520.0	657.0	-6.23251772	3.89760089
40530.0	654.0	-3.75289941	-0.35585737
40530.0	655.0	-7.35331154	2.02266669
40530.0	656.0	-7.31331158	3.70266676
40530.0	657.0	-6.6835146	3.85916948
40540.0	654.0	-4.16072369	-0.35277724
40540.0	655.0	-7.7878685	2.00659752
40540.0	656.0	-7.74786854	3.68659759
40540.0	657.0	-7.10573673	3.83493423
40550.0	654.0	-4.52892876	-0.35273218
40550.0	655.0	-8.17630005	2.00196075
40550.0	656.0	-8.13630009	3.68196082
40550.0	657.0	-7.46557856	3.82571507
40560.0	654.0	-4.89451313	-0.33913565
40560.0	655.0	-8.5566349	2.01242042
40560.0	656.0	-8.51663494	3.69242048
40560.0	657.0	-7.82060862	3.82788825
40570.0	654.0	-5.28326511	-0.30252314
40570.0	655.0	-8.94966984	2.04089594
40570.0	656.0	-8.90966988	3.72089601
40570.0	657.0	-8.18388081	3.84500933
40580.0	654.0	-5.68111515	-0.26285648
40580.0	655.0	-9.34562683	2.06850076
40580.0	656.0	-9.30562687	3.74850082
40580.0	657.0	-8.54780769	3.86392474
40590.0	654.0	-6.06669617	-0.23506451
40590.0	655.0	-9.72913265	2.08485937
40590.0	656.0	-9.68913269	3.76485944
40590.0	657.0	-8.89853287	3.87188148
40600.0	658.0	2.32749891	-2.15608549
40600.0	659.0	-0.86762166	2.32399774
40600.0	660.0	-0.82762164	4.0039978
40600.0	661.0	-0.42558137	4.11429834
40610.0	658.0	1.8471055	-1.85313976
40610.0	659.0	-1.349967	2.29210472
40610.0	660.0	-1.30996704	3.97210479
40610.0	661.0	-0.90482759	4.08283949
40620.0	658.0	1.39712322	-1.49617195
40620.0	659.0	-1.8924551	2.27742338
40620.0	660.0	-1.85245514	3.95742345
40620.0	661.0	-1.44793177	4.06968212
40630.0	658.0	0.90783	-1.15127921
40630.0	659.0	-2.44261551	2.23751473
40630.0	660.0	-2.40261531	3.9175148
40630.0	661.0	-1.99692404	4.03190088
40640.0	658.0	0.41639709	-0.83708322
40640.0	659.0	-3.01929331	2.20388293
40640.0	660.0	-2.97929335	3.883883
40640.0	661.0	-2.56533337	4.00250483
40650.0	658.0	-0.05956984	-0.60548544
40650.0	659.0	-3.53824997	2.16326189
40650.0	660.0	-3.49825001	3.84326196
40650.0	661.0	-3.07446527	3.96411109
40660.0	658.0	-0.55082512	-0.42372763
40660.0	659.0	-4.04803038	2.12572122
40660.0	660.0	-4.00803041	3.80572128
40660.0	661.0	-3.57263589	3.93387175
40670.0	658.0	-1.05612183	-0.27835202
40670.0	659.0	-4.54909325	2.10274243
40670.0	660.0	-4.50909328	3.7827425
40670.0	661.0	-4.06952333	3.9201715
40680.0	658.0	-1.56370783	-0.16121197
40680.0	659.0	-5.02745581	2.08656168
40680.0	660.0	-4.98745584	3.76656175
40680.0	661.0	-4.54267311	3.90894485
40690.0	658.0	-2.05570197	-0.06498766
40690.0	659.0	-5.50881338	2.07056975
40690.0	660.0	-5.46881342	3.75056982
40690.0	661.0	-5.02159309	3.88595533
40700.0	658.0	-2.52880168	0.01071453
40700.0	659.0	-5.98897505	2.05296946
40700.0	660.0	-5.94897509	3.73296952
40700.0	661.0	-5.50009727	3.85555458
40710.0	658.0	-2.9911406	0.05902052
40710.0	659.0	-6.46747875	2.04016161
40710.0	660.0	-6.42747879	3.72016168
40710.0	661.0	-5.96408415	3.83016515
40720.0	658.0	-3.43596864	0.07791948
40720.0	659.0	-6.93858957	2.01886988
40720.0	660.0	-6.89858961	3.69886994
40720.0	661.0	-6.42317677	3.79102015
40730.0	658.0	-3.86788392	0.08136034
40730.0	659.0	-7.40081072	2.0013566
40730.0	660.0	-7.36081076	3.68135667
40730.0	661.0	-6.8764472	3.76207042
40740.0	658.0	-4.27272511	0.07375407
40740.0	659.0	-7.82356691	1.98971248
40740.0	660.0	-7.78356695	3.66971254
40740.0	661.0	-7.27699566	3.74231505
40750.0	658.0	-4.65270424	0.0761745
40750.0	659.0	-8.21888638	1.98653293
40750.0	660.0	-8.17888641	3.66653299
40750.0	661.0	-7.64987612	3.73044133
40760.0	658.0	-5.02580452	0.09380579
40760.0	659.0	-8.59814072	2.0005548
40760.0	660.0	-8.55814075	3.68055487
40760.0	661.0	-8.01696587	3.73623753
40770.0	658.0	-5.41454029	0.12248826
40770.0	659.0	-8.98708916	2.02430892
40770.0	660.0	-8.9470892	3.70430899
40770.0	661.0	-8.39129353	3.752599
40780.0	658.0	-5.80897331	0.16260576
40780.0	659.0	-9.37888622	2.05441952
40780.0	660.0	-9.33888626	3.73441958
40780.0	661.0	-8.7628355	3.7754755
40790.0	658.0	-6.18999577	0.19120669
40790.0	659.0	-9.75667095	2.07708573
40790.0	660.0	-9.71667099	3.7570858
40790.0	661.0	-9.1240263	3.78905797
40800.0	662.0	2.11482668	-1.56037986
40800.0	663.0	-0.86780328	2.32872987
40800.0	664.0	-0.82780325	4.00872993
40800.0	665.0	-0.42372674	4.02853298
40810.0	662.0	1.6204375	-1.32584906
40810.0	663.0	-1.34668791	2.29586792
40810.0	664.0	-1.30668783	3.97586799
40810.0	665.0	-0.91141653	4.00667667
40820.0	662.0	1.13619089	-1.02152479
40820.0	663.0	-1.89014661	2.28327298
40820.0	664.0	-1.85014653	3.96327305
40820.0	665.0	-1.46514952	3.99953008
40830.0	662.0	0.6326648	-0.70209539
40830.0	663.0	-2.43942118	2.24968839
40830.0	664.0	-2.39942098	3.92968845
40830.0	665.0	-2.01676917	3.96817708
40840.0	662.0	0.12255859	-0.39942586
40840.0	663.0	-3.0158906	2.2187202
40840.0	664.0	-2.97589064	3.89872026
40840.0	665.0	-2.58086491	3.94458079
40850.0	662.0	-0.35459876	-0.17719054
40850.0	663.0	-3.53362894	2.18067527
40850.0	664.0	-3.49362898	3.86067533
40850.0	665.0	-3.09007025	3.91747785
40860.0	662.0	-0.83523202	-0.00345564
40860.0	663.0	-4.04029894	2.14290762
40860.0	664.0	-4.00029898	3.82290769
40860.0	665.0	-3.58584356	3.89611578
40870.0	662.0	-1.33054304	0.12654507
40870.0	663.0	-4.53876686	2.12114358
40870.0	664.0	-4.4987669	3.80114365
40870.0	665.0	-4.07209206	3.88351226
40880.0	662.0	-1.82019949	0.22667742
40880.0	663.0	-5.01899147	2.10582614
40880.0	664.0	-4.97899151	3.78582621
40880.0	665.0	-4.54958391	3.8614316
40890.0	662.0	-2.29466391	0.30418932
40890.0	663.0	-5.49886417	2.08875561
40890.0	664.0	-5.45886421	3.76875567
40890.0	665.0	-5.0284996	3.83224583
40900.0	662.0	-2.75602722	0.35274649
40900.0	663.0	-5.97678995	2.07612467
40900.0	664.0	-5.93678999	3.75612473
40900.0	665.0	-5.49188709	3.80697203
40910.0	662.0	-3.2048831	0.37233663
40910.0	663.0	-6.45183086	2.05555058
40910.0	664.0	-6.4118309	3.73555064
40910.0	665.0	-5.95532417	3.76811266
40920.0	662.0	-3.64626122	0.37666225
40920.0	663.0	-6.92315912	2.03905177
40920.0	664.0	-6.88315916	3.71905184
40920.0	665.0	-6.41757727	3.73928571
40930.0	662.0	-4.08149481	0.36883688
40930.0	663.0	-7.37891817	2.02552462
40930.0	664.0	-7.33891821	3.70552468
40930.0	665.0	-6.85019398	3.71704674
40940.0	662.0	-4.49822474	0.36272657
40940.0	663.0	-7.80929756	2.01387525
40940.0	664.0	-7.7692976	3.69387531
40940.0	665.0	-7.25867414	3.69551826
40950.0	662.0	-4.88345575	0.36355448
40950.0	663.0	-8.1999588	2.01010418
40950.0	664.0	-8.15995884	3.69010425
40950.0	665.0	-7.63556385	3.6840353
40960.0	662.0	-5.25917625	0.37447131
40960.0	663.0	-8.57704926	2.01741958
40960.0	664.0	-8.53704929	3.69741964
40960.0	665.0	-8.00225925	3.68713498
40970.0	662.0	-5.65185118	0.40057123
40970.0	663.0	-8.96923828	2.03648114
40970.0	664.0	-8.92923832	3.71648121
40970.0	665.0	-8.37802601	3.70441151
40980.0	662.0	-6.05672884	0.4324559
40980.0	663.0	-9.3720026	2.06363201
40980.0	664.0	-9.33200264	3.74363208
40980.0	665.0	-8.76521015	3.72764134
40990.0	662.0	-6.44603872	0.45329869
40990.0	663.0	-9.75771999	2.0842948
40990.0	664.0	-9.71772003	3.76429486
40990.0	665.0	-9.13139343	3.74596477
41000.0	666.0	1.8590107	-1.00229025
41000.0	667.0	-0.86733067	2.32850742
41000.0	668.0	-0.82733065	4.00850725
41000.0	669.0	-0.4422549	4.16641378
41010.0	666.0	1.33616209	-0.82333505
41010.0	667.0	-1.34872258	2.29300117
41010.0	668.0	-1.30872262	3.97300124
41010.0	669.0	-0.90052664	4.12013531
41020.0	666.0	0.83062589	-0.57738173
41020.0	667.0	-1.88758969	2.27554154
41020.0	668.0	-1.84758973	3.95554161
41020.0	669.0	-1.41825199	4.09291315
41030.0	666.0	0.28878486	-0.30576932
41030.0	667.0	-2.43754053	2.23311186
41030.0	668.0	-2.39754033	3.91311193
41030.0	669.0	-1.9408983	4.04413509
41040.0	666.0	-0.23603761	-0.06609035
41040.0	667.0	-3.01515913	2.19565868
41040.0	668.0	-2.97515893	3.87565875
41040.0	669.0	-2.4880867	4.01671886
41050.0	666.0	-0.73284853	0.11374283
41050.0	667.0	-3.5327363	2.15451455
41050.0	668.0	-3.49273634	3.83451462
41050.0	669.0	-2.98884988	3.99803019
41060.0	666.0	-1.23004234	0.24708331
41060.0	667.0	-4.03890896	2.11644864
41060.0	668.0	-3.99890876	3.79644871
41060.0	669.0	-3.47611618	3.97228193
41070.0	666.0	-1.72949827	0.34676147
41070.0	667.0	-4.5420599	2.09361744
41070.0	668.0	-4.50205994	3.77361751
41070.0	669.0	-3.97468305	3.94223952
41080.0	666.0	-2.20995808	0.42444301
41080.0	667.0	-5.02263403	2.07680988
41080.0	668.0	-4.98263407	3.75681019
41080.0	669.0	-4.45656633	3.91251731
41090.0	666.0	-2.67506123	0.47394145
41090.0	667.0	-5.50106239	2.06452274
41090.0	668.0	-5.46106243	3.74452257
41090.0	669.0	-4.9239645	3.88627958
41100.0	666.0	-3.1245923	0.49395764
41100.0	667.0	-5.97630358	2.04398918
41100.0	668.0	-5.93630362	3.72398901
41100.0	669.0	-5.38910532	3.84704256
41110.0	666.0	-3.56949949	0.49853921
41110.0	667.0	-6.45128632	2.02788973
41110.0	668.0	-6.41128635	3.7078898
41110.0	669.0	-5.85599279	3.81807899
41120.0	666.0	-4.01236105	0.49066544
41120.0	667.0	-6.91436052	2.01431084
41120.0	668.0	-6.87436056	3.6943109
41120.0	669.0	-6.29782343	3.79524875
41130.0	666.0	-4.46000814	0.48238778
41130.0	667.0	-7.3766408	1.99979246
41130.0	668.0	-7.33664083	3.6797924
41130.0	669.0	-6.74052095	3.76955032
41140.0	666.0	-4.88159657	0.47395623
41140.0	667.0	-7.80323744	1.9873513
41140.0	668.0	-7.76323748	3.66735148
41140.0	669.0	-7.15352106	3.74768543
41150.0	666.0	-5.26708555	0.4685539
41150.0	667.0	-8.19070244	1.97768188
41150.0	668.0	-8.15070248	3.65768194
41150.0	669.0	-7.52648497	3.73402071
41160.0	666.0	-5.64358854	0.47932923
41160.0	667.0	-8.56709957	1.98288631
41160.0	668.0	-8.52709961	3.66288638
41160.0	669.0	-7.89189625	3.73977113
41170.0	666.0	-6.03724289	0.50537813
41170.0	667.0	-8.96100235	2.00621629
41170.0	668.0	-8.92100239	3.68621635
41170.0	669.0	-8.27428722	3.76032138
41180.0	666.0	-6.43680048	0.54142773
41180.0	667.0	-9.35811806	2.04263878
41180.0	668.0	-9.3181181	3.72263908
41180.0	669.0	-8.65679646	3.7980175
41190.0	666.0	-6.82516813	0.56657767
41190.0	667.0	-9.74211121	2.06867981
41190.0	668.0	-9.70211124	3.74867988
41190.0	669.0	-9.0238781	3.82320452
41200.0	670.0	1.64903724	-0.44568813
41200.0	671.0	-0.86940157	2.3297255
41200.0	672.0	-0.82940155	4.00972557
41200.0	673.0	-0.43539551	4.0755372
41210.0	670.0	1.15065992	-0.23680292
41210.0	671.0	-1.34668922	2.29570508
41210.0	672.0	-1.30668914	3.97570515
41210.0	673.0	-0.91685975	4.0550499
41220.0	670.0	0.67280352	0.03316805
41220.0	671.0	-1.88352752	2.2732501
41220.0	672.0	-1.84352756	3.95325017
41220.0	673.0	-1.44554365	4.05166054
41230.0	670.0	0.16595101	0.31342569
41230.0	671.0	-2.42953157	2.22840285
41230.0	672.0	-2.38953161	3.90840292
41230.0	673.0	-1.98686302	4.02294493
41240.0	670.0	-0.322384	0.56732011
41240.0	671.0	-2.99887228	2.19556093
41240.0	672.0	-2.95887208	3.875561
41240.0	673.0	-2.54999161	4.00682688
41250.0	670.0	-0.78462827	0.7399652
41250.0	671.0	-3.50629711	2.16209412
41250.0	672.0	-3.46629691	3.84209418
41250.0	673.0	-3.05488467	3.98045468
41260.0	670.0	-1.2588619	0.86120033
41260.0	671.0	-4.0115571	2.12998056
41260.0	672.0	-3.97155714	3.80998063
41260.0	673.0	-3.55876851	3.94619966
41270.0	670.0	-1.73450196	0.94376624
41270.0	671.0	-4.51164293	2.10853314
41270.0	672.0	-4.47164297	3.78853321
41270.0	673.0	-4.05527878	3.92062688
41280.0	670.0	-2.20179129	0.99379969
41280.0	671.0	-4.98797703	2.0979495
41280.0	672.0	-4.94797707	3.77794957
41280.0	673.0	-4.5158658	3.9014616
41290.0	670.0	-2.64979172	1.01466823
41290.0	671.0	-5.46340227	2.07859182
41290.0	672.0	-5.42340231	3.75859165
41290.0	673.0	-4.97857904	3.86770368
41300.0	670.0	-3.09435463	1.01947761
41300.0	671.0	-5.94201183	2.06259274
41300.0	672.0	-5.90201187	3.74259281
41300.0	673.0	-5.45017004	3.83981323
41310.0	670.0	-3.54008389	1.01373124
41310.0	671.0	-6.41562319	2.04907012
41310.0	672.0	-6.37562323	3.72907019
41310.0	673.0	-5.90934849	3.8155942
41320.0	670.0	-3.99271059	1.00691676
41320.0	671.0	-6.88998652	2.03058338
41320.0	672.0	-6.84998655	3.71058345
41320.0	673.0	-6.36706924	3.78237987
41330.0	670.0	-4.44967842	0.99878788
41330.0	671.0	-7.35570049	2.01353121
41330.0	672.0	-7.31570053	3.69353127
41330.0	673.0	-6.82522917	3.75205946
41340.0	670.0	-4.87910366	0.98419082
41340.0	671.0	-7.79179239	1.99090672
41340.0	672.0	-7.75179243	3.67090678
41340.0	673.0	-7.25312042	3.7216239
41350.0	670.0	-5.27582884	0.98049712
41350.0	671.0	-8.19176769	1.97588944
41350.0	672.0	-8.15176773	3.65588951
41350.0	673.0	-7.64654398	3.70147038
41360.0	670.0	-5.66085243	0.98394847
41360.0	671.0	-8.58038902	1.97820652
41360.0	672.0	-8.54038906	3.65820646
41360.0	673.0	-8.03218651	3.70054555
41370.0	670.0	-6.04591417	1.00575256
41370.0	671.0	-8.97640038	2.00243235
41370.0	672.0	-8.93640041	3.68243217
41370.0	673.0	-8.42712879	3.72195697
41380.0	670.0	-6.43801832	1.03845704
41380.0	671.0	-9.37913322	2.03519535
41380.0	672.0	-9.33913326	3.71519542
41380.0	673.0	-8.82575703	3.74998236
41390.0	670.0	-6.8177247	1.06547439
41390.0	671.0	-9.76848221	2.06153631
41390.0	672.0	-9.72848225	3.74153638
41390.0	673.0	-9.21454334	3.77520609
41400.0	674.0	1.20099294	3.22928357
41400.0	675.0	1.77934849	3.28795624
41410.0	674.0	1.52539814	3.18170357
41410.0	675.0	2.14461231	3.24724579
41420.0	674.0	1.8655318	3.13423371
41420.0	675.0	2.5083859	3.21558642
41430.0	674.0	2.08610153	3.07241511
41430.0	675.0	2.77591038	3.17839861
41440.0	674.0	2.25455213	3.0152297
41440.0	675.0	2.98749542	3.13377643
41450.0	674.0	2.42789555	2.9684701
41450.0	675.0	3.2114377	3.09412479
41460.0	674.0	2.63395786	2.94129014
41460.0	675.0	3.45334148	3.07414675
41470.0	674.0	2.86942935	2.93949747
41470.0	675.0	3.70572424	3.0746882
41480.0	674.0	3.10726547	2.9455626
41480.0	675.0	3.95627546	3.08324265
41490.0	674.0	3.35685754	2.95517588
41490.0	675.0	4.21162462	3.09645915
41500.0	674.0	3.61209154	2.96297121
41500.0	675.0	4.47232389	3.11014223
41510.0	674.0	3.88641286	2.97162366
41510.0	675.0	4.73734283	3.13019466
41520.0	674.0	4.16573858	2.98930216
41520.0	675.0	5.00904036	3.14774203
41530.0	674.0	4.45854759	3.01219177
41530.0	675.0	5.27902412	3.17144608
41540.0	674.0	4.76976347	3.04906774
41540.0	675.0	5.55918741	3.20198989
41550.0	674.0	5.11068916	3.10132504
41550.0	675.0	5.85955715	3.24456477
41560.0	674.0	5.48065186	3.17076254
41560.0	675.0	6.19471121	3.30278063
41570.0	674.0	5.84929657	3.25742388
41570.0	675.0	6.55006599	3.3833611
41580.0	674.0	6.22041321	3.34336519
41580.0	675.0	6.9098444	3.47347546
41590.0	674.0	6.62323856	3.39801335
41590.0	675.0	7.29061413	3.53888083
41600.0	676.0	-1.04733407	-0.40750137
41600.0	677.0	2.17479253	3.61529732
41610.0	676.0	-1.55561292	-0.42772055
41610.0	677.0	2.42573071	3.56980228
41620.0	676.0	-2.09195137	-0.4026334
41620.0	677.0	2.66378284	3.52849078
41630.0	676.0	-2.64450669	-0.39787447
41630.0	677.0	2.79917169	3.47983861
41640.0	676.0	-3.20680356	-0.40639105
41640.0	677.0	2.8937993	3.4432354
41650.0	676.0	-3.71232128	-0.42484483
41650.0	677.0	3.02187061	3.4163785
41660.0	676.0	-4.21213818	-0.45483333
41660.0	677.0	3.19861698	3.41025758
41670.0	676.0	-4.69669628	-0.47692543
41670.0	677.0	3.42404485	3.42494822
41680.0	676.0	-5.16803455	-0.48492342
41680.0	677.0	3.68196034	3.45753527
41690.0	676.0	-5.64068413	-0.49148571
41690.0	677.0	3.95552015	3.48838973
41700.0	676.0	-6.12302113	-0.50393331
41700.0	677.0	4.24448395	3.51859546
41710.0	676.0	-6.60840607	-0.51590919
41710.0	677.0	4.53754473	3.5522604
41720.0	676.0	-7.08660603	-0.53457057
41720.0	677.0	4.82776356	3.58089232
41730.0	676.0	-7.56424618	-0.55196482
41730.0	677.0	5.10886383	3.60834074
41740.0	676.0	-8.00160694	-0.56766421
41740.0	677.0	5.39791536	3.64709592
41750.0	676.0	-8.40141106	-0.57469273
41750.0	677.0	5.70192146	3.69913721
41760.0	676.0	-8.79151154	-0.56078041
41760.0	677.0	6.04420137	3.77094197
41770.0	676.0	-9.18791008	-0.53424883
41770.0	677.0	6.39537811	3.85526323
41780.0	676.0	-9.58774567	-0.50031072
41780.0	677.0	6.74219131	3.93626666
41790.0	676.0	-9.97623539	-0.48111969
41790.0	677.0	7.130867	3.98295593
41800.0	678.0	-1.08345616	-0.41518301
41800.0	679.0	2.19442701	2.99646902
41810.0	678.0	-1.59232259	-0.45137179
41810.0	679.0	2.45334554	2.94591379
41820.0	678.0	-2.15309143	-0.43484488
41820.0	679.0	2.72153378	2.90485859
41830.0	678.0	-2.71318746	-0.43302211
41830.0	679.0	2.87922144	2.86306357
41840.0	678.0	-3.2777071	-0.44432056
41840.0	679.0	2.9968431	2.828125
41850.0	678.0	-3.79511976	-0.49642697
41850.0	679.0	3.14005136	2.7990737
41860.0	678.0	-4.31135464	-0.56987685
41860.0	679.0	3.33773851	2.7868042
41870.0	678.0	-4.84258699	-0.61608672
41870.0	679.0	3.58517981	2.79638195
41880.0	678.0	-5.34416199	-0.63497794
41880.0	679.0	3.86003494	2.82227135
41890.0	678.0	-5.82911444	-0.64715558
41890.0	679.0	4.14897585	2.85122442
41900.0	678.0	-6.31027508	-0.66003251
41900.0	679.0	4.44268322	2.88200808
41910.0	678.0	-6.79310226	-0.67519569
41910.0	679.0	4.72835588	2.90867734
41920.0	678.0	-7.26513767	-0.69302046
41920.0	679.0	5.01100349	2.93017411
41930.0	678.0	-7.72822142	-0.70268494
41930.0	679.0	5.28162956	2.9575901
41940.0	678.0	-8.16934395	-0.71536911
41940.0	679.0	5.55828476	2.98787951
41950.0	678.0	-8.56710339	-0.72194278
41950.0	679.0	5.86019325	3.03656006
41960.0	678.0	-8.95018578	-0.71275061
41960.0	679.0	6.19972801	3.09843469
41970.0	678.0	-9.34821701	-0.68940836
41970.0	679.0	6.5427599	3.17883992
41980.0	678.0	-9.74285793	-0.65815961
41980.0	679.0	6.88572121	3.26143432
41990.0	678.0	-10.13135815	-0.63562584
41990.0	679.0	7.27903557	3.3096776
42000.0	680.0	-1.12231588	-0.39928818
42000.0	681.0	2.29609013	2.49553299
42010.0	680.0	-1.6453054	-0.44028538
42010.0	681.0	2.55681968	2.45361996
42020.0	680.0	-2.21410918	-0.42826721
42020.0	681.0	2.81439686	2.41740441
42030.0	680.0	-2.77451372	-0.43697548
42030.0	681.0	2.95653915	2.37947917
42040.0	680.0	-3.33574343	-0.46444368
42040.0	681.0	3.06734657	2.34501553
42050.0	680.0	-3.83969641	-0.52626115
42050.0	681.0	3.21752524	2.32202148
42060.0	680.0	-4.34883404	-0.6035831
42060.0	681.0	3.41821504	2.31742096
42070.0	680.0	-4.88076019	-0.65387362
42070.0	681.0	3.66648626	2.32844472
42080.0	680.0	-5.38333941	-0.67603481
42080.0	681.0	3.9444139	2.35058284
42090.0	680.0	-5.86921549	-0.68916893
42090.0	681.0	4.2341156	2.37939405
42100.0	680.0	-6.35462332	-0.70512605
42100.0	681.0	4.51809502	2.40398049
42110.0	680.0	-6.84207916	-0.72107559
42110.0	681.0	4.7951107	2.42403555
42120.0	680.0	-7.31535053	-0.73827696
42120.0	681.0	5.06561279	2.44594884
42130.0	680.0	-7.78687811	-0.75446689
42130.0	681.0	5.32802868	2.465832
42140.0	680.0	-8.22794151	-0.76792419
42140.0	681.0	5.60781765	2.49441624
42150.0	680.0	-8.62932014	-0.77547884
42150.0	681.0	5.91965532	2.54130149
42160.0	680.0	-9.02129555	-0.76532292
42160.0	681.0	6.2673769	2.60623574
42170.0	680.0	-9.41953182	-0.74192166
42170.0	681.0	6.62485313	2.68964672
42180.0	680.0	-9.81155586	-0.70548451
42180.0	681.0	6.98283339	2.77603889
42190.0	680.0	-10.19051838	-0.68954229
42190.0	681.0	7.3906951	2.82383847
42200.0	682.0	-1.18327188	-0.34946793
42200.0	683.0	2.31059599	1.8830868
42200.0	684.0	1.0650351	3.16711283
42210.0	682.0	-1.66125727	-0.39354849
42210.0	683.0	2.54048777	1.84224737
42210.0	684.0	1.33136392	3.12492323
42220.0	682.0	-2.18885899	-0.40003055
42220.0	683.0	2.76186848	1.81112218
42220.0	684.0	1.62493372	3.08290291
42230.0	682.0	-2.71473742	-0.42077005
42230.0	683.0	2.87326741	1.7800169
42230.0	684.0	1.79979205	3.03323245
42240.0	682.0	-3.26258469	-0.45673293
42240.0	683.0	2.95944786	1.76029897
42240.0	684.0	1.92058182	2.99838066
42250.0	682.0	-3.75373363	-0.51407391
42250.0	683.0	3.09383893	1.75436938
42250.0	684.0	2.06719971	2.97550225
42260.0	682.0	-4.25717258	-0.57732642
42260.0	683.0	3.26969576	1.75737762
42260.0	684.0	2.24813867	2.96113658
42270.0	682.0	-4.76885605	-0.60469508
42270.0	683.0	3.50387764	1.77062571
42270.0	684.0	2.46636629	2.96164155
42280.0	682.0	-5.25710392	-0.60874838
42280.0	683.0	3.77240324	1.79139876
42280.0	684.0	2.71054554	2.97274685
42290.0	682.0	-5.73977137	-0.61023515
42290.0	683.0	4.05508041	1.81474304
42290.0	684.0	2.96503353	2.98818946
42300.0	682.0	-6.22804022	-0.61367959
42300.0	683.0	4.33382463	1.83605576
42300.0	684.0	3.21866655	3.00601792
42310.0	682.0	-6.71881294	-0.6142112
42310.0	683.0	4.59096336	1.85356593
42310.0	684.0	3.46854305	3.02302694
42320.0	682.0	-7.18813658	-0.60526574
42320.0	683.0	4.84730816	1.87194788
42320.0	684.0	3.7305007	3.04262447
42330.0	682.0	-7.64811993	-0.59543031
42330.0	683.0	5.09773397	1.89207792
42330.0	684.0	3.99918556	3.06590796
42340.0	682.0	-8.06609058	-0.58188957
42340.0	683.0	5.37628651	1.92601657
42340.0	684.0	4.29185772	3.10065699
42350.0	682.0	-8.44707298	-0.5570904
42350.0	683.0	5.69108772	1.97800326
42350.0	684.0	4.62012815	3.15716696
42360.0	682.0	-8.801898	-0.53203577
42360.0	683.0	6.04811382	2.05524373
42360.0	684.0	4.99301529	3.24516106
42370.0	682.0	-9.18041801	-0.49406716
42370.0	683.0	6.41261959	2.15102434
42370.0	684.0	5.36474657	3.35287499
42380.0	682.0	-9.56985474	-0.44068772
42380.0	683.0	6.76731205	2.24542046
42380.0	684.0	5.72217894	3.46409655
42390.0	682.0	-9.9292202	-0.41382134
42390.0	683.0	7.17619228	2.29887819
42390.0	684.0	6.14341688	3.5252347
42400.0	685.0	-1.22118914	-0.30197451
42400.0	686.0	1.08220041	2.67177653
42410.0	685.0	-1.72766614	-0.36469039
42410.0	686.0	1.36528111	2.62770605
42420.0	685.0	-2.28201747	-0.37736323
42420.0	686.0	1.67941999	2.57662868
42430.0	685.0	-2.841115	-0.40986583
42430.0	686.0	1.86865139	2.51739979
42440.0	685.0	-3.41890407	-0.4446055
42440.0	686.0	2.00884223	2.47084522
42450.0	685.0	-3.94720984	-0.51196265
42450.0	686.0	2.15746498	2.43629646
42460.0	685.0	-4.46597958	-0.59661418
42460.0	686.0	2.3359499	2.41380692
42470.0	685.0	-5.00655842	-0.654643
42470.0	686.0	2.54896355	2.41050029
42480.0	685.0	-5.54561806	-0.69989389
42480.0	686.0	2.77856731	2.42071772
42490.0	685.0	-6.06964493	-0.7354002
42490.0	686.0	3.01948357	2.43212795
42500.0	685.0	-6.58937168	-0.75544977
42500.0	686.0	3.27128887	2.44697142
42510.0	685.0	-7.09984112	-0.7708385
42510.0	686.0	3.5320611	2.46258044
42520.0	685.0	-7.58562374	-0.78029704
42520.0	686.0	3.80757093	2.48537254
42530.0	685.0	-8.05317879	-0.77917492
42530.0	686.0	4.09054279	2.5122931
42540.0	685.0	-8.47440624	-0.77370167
42540.0	686.0	4.39037991	2.54914951
42550.0	685.0	-8.84678459	-0.7599287
42550.0	686.0	4.72563028	2.60555696
42560.0	685.0	-9.20875835	-0.73789203
42560.0	686.0	5.09003592	2.68165398
42570.0	685.0	-9.59272289	-0.70464373
42570.0	686.0	5.45477152	2.77726102
42580.0	685.0	-9.99236679	-0.65882707
42580.0	686.0	5.82075119	2.87169743
42590.0	685.0	-10.37718964	-0.63494486
42590.0	686.0	6.24209499	2.92118287
42600.0	687.0	-1.22225988	-0.27522036
42600.0	688.0	1.06665266	2.13095331
42610.0	687.0	-1.73142922	-0.33091155
42610.0	688.0	1.33892345	2.08440948
42620.0	687.0	-2.28448606	-0.34545672
42620.0	688.0	1.6472441	2.03151846
42630.0	687.0	-2.83556652	-0.37142038
42630.0	688.0	1.83949244	1.97093439
42640.0	687.0	-3.41336441	-0.40220261
42640.0	688.0	1.97601879	1.92417753
42650.0	687.0	-3.94137144	-0.47309798
42650.0	688.0	2.11680913	1.88437176
42660.0	687.0	-4.46924591	-0.55857033
42660.0	688.0	2.29249763	1.86015439
42670.0	687.0	-5.02622652	-0.62648797
42670.0	688.0	2.50272751	1.85648108
42680.0	687.0	-5.57344246	-0.67789972
42680.0	688.0	2.73470497	1.86487937
42690.0	687.0	-6.09988403	-0.70586199
42690.0	688.0	2.98272181	1.87809563
42700.0	687.0	-6.61385822	-0.72289461
42700.0	688.0	3.24566793	1.89522433
42710.0	687.0	-7.11222553	-0.7291975
42710.0	688.0	3.51381397	1.91409671
42720.0	687.0	-7.58409023	-0.72910249
42720.0	688.0	3.79598236	1.93904638
42730.0	687.0	-8.0387001	-0.72408438
42730.0	688.0	4.08134174	1.96892011
42740.0	687.0	-8.45118332	-0.72209448
42740.0	688.0	4.37731981	2.00587106
42750.0	687.0	-8.82634258	-0.71553636
42750.0	688.0	4.71019173	2.06505108
42760.0	687.0	-9.19648361	-0.69938254
42760.0	688.0	5.0721941	2.14543486
42770.0	687.0	-9.58525944	-0.66018957
42770.0	688.0	5.43579531	2.24371362
42780.0	687.0	-9.98356247	-0.61515576
42780.0	688.0	5.79497385	2.34585619
42790.0	687.0	-10.37405777	-0.58902287
42790.0	688.0	6.21072817	2.40227365
42800.0	689.0	-1.24201596	-0.25131825
42800.0	690.0	1.10391891	1.62183392
42810.0	689.0	-1.72660172	-0.30113941
42810.0	690.0	1.39138162	1.57859397
42820.0	689.0	-2.2619946	-0.31605518
42820.0	690.0	1.74584711	1.53252375
42830.0	689.0	-2.78899503	-0.33590421
42830.0	690.0	1.97547948	1.47341669
42840.0	689.0	-3.34684873	-0.37756377
42840.0	690.0	2.12921405	1.42107451
42850.0	689.0	-3.86924696	-0.45397332
42850.0	690.0	2.28491688	1.38203752
42860.0	689.0	-4.41481447	-0.53596085
42860.0	690.0	2.46294069	1.35965371
42870.0	689.0	-4.96551275	-0.59655118
42870.0	690.0	2.67202473	1.35317039
42880.0	689.0	-5.50500679	-0.6305899
42880.0	690.0	2.90943956	1.36172271
42890.0	689.0	-6.02426815	-0.64773017
42890.0	690.0	3.16999817	1.37778997
42900.0	689.0	-6.52085114	-0.65153837
42900.0	690.0	3.43986034	1.39877224
42910.0	689.0	-7.00928307	-0.65148652
42910.0	690.0	3.7179656	1.42112947
42920.0	689.0	-7.46918964	-0.65309268
42920.0	690.0	4.00388241	1.45066428
42930.0	689.0	-7.91727924	-0.65374994
42930.0	690.0	4.28375578	1.48180795
42940.0	689.0	-8.33434963	-0.65266025
42940.0	690.0	4.58373976	1.52101266
42950.0	689.0	-8.7193861	-0.64928526
42950.0	690.0	4.9147625	1.58595777
42960.0	689.0	-9.09283733	-0.62610525
42960.0	690.0	5.27287102	1.66785347
42970.0	689.0	-9.48123837	-0.58368015
42970.0	690.0	5.62979126	1.77367985
42980.0	689.0	-9.87852478	-0.53389311
42980.0	690.0	5.98227358	1.87371814
42990.0	689.0	-10.26073742	-0.50932986
42990.0	690.0	6.38458729	1.92562306
43000.0	691.0	-1.2304672	-0.26496908
43000.0	692.0	2.58033466	-8.6966114
43010.0	691.0	-1.71653509	-0.29990828
43010.0	692.0	2.02406526	-8.58624363
43020.0	691.0	-2.25869775	-0.31600052
43020.0	692.0	1.44605732	-8.3863287
43030.0	691.0	-2.81529832	-0.35765427
43030.0	692.0	0.85450006	-8.17225266
43040.0	691.0	-3.39960551	-0.39837998
43040.0	692.0	0.27082896	-7.9531846
43050.0	691.0	-3.9241662	-0.4430384
43050.0	692.0	-0.25940108	-7.76654673
43060.0	691.0	-4.44256687	-0.48394448
43060.0	692.0	-0.78339028	-7.61240053
43070.0	691.0	-4.94837189	-0.50808513
43070.0	692.0	-1.31395411	-7.47377968
43080.0	691.0	-5.42847919	-0.52483219
43080.0	692.0	-1.83261108	-7.34559011
43090.0	691.0	-5.9038353	-0.54153693
43090.0	692.0	-2.34513426	-7.22244453
43100.0	691.0	-6.37717628	-0.55994105
43100.0	692.0	-2.84874868	-7.10876942
43110.0	691.0	-6.85075378	-0.57994145
43110.0	692.0	-3.34879732	-7.00529766
43120.0	691.0	-7.32249832	-0.60230416
43120.0	692.0	-3.84224653	-6.90686131
43130.0	691.0	-7.77695847	-0.62535501
43130.0	692.0	-4.32184696	-6.81137657
43140.0	691.0	-8.1953516	-0.64140493
43140.0	692.0	-4.77437019	-6.71809578
43150.0	691.0	-8.57456779	-0.64547747
43150.0	692.0	-5.19307184	-6.62753296
43160.0	691.0	-8.93547249	-0.62246335
43160.0	692.0	-5.58701658	-6.53279781
43170.0	691.0	-9.31668091	-0.59042889
43170.0	692.0	-5.98449183	-6.43446445
43180.0	691.0	-9.69365215	-0.55492854
43180.0	692.0	-6.38094187	-6.34272861
43190.0	691.0	-10.04798889	-0.52512056
43190.0	692.0	-6.7907691	-6.26993227
43200.0	693.0	-1.22953367	-0.25867975
43200.0	694.0	2.48119259	-8.25242519
43210.0	693.0	-1.71437621	-0.29158786
43210.0	694.0	1.92137039	-8.13073063
43220.0	693.0	-2.25206184	-0.30889866
43220.0	694.0	1.3295176	-7.9510684
43230.0	693.0	-2.80847478	-0.35400698
43230.0	694.0	0.72336173	-7.76377869
43240.0	693.0	-3.3944819	-0.39233845
43240.0	694.0	0.11538434	-7.55690861
43250.0	693.0	-3.91910911	-0.43818307
43250.0	694.0	-0.42169785	-7.39131451
43260.0	693.0	-4.44000006	-0.47957647
43260.0	694.0	-0.95495844	-7.24879026
43270.0	693.0	-4.94249916	-0.50276756
43270.0	694.0	-1.48319268	-7.11586142
43280.0	693.0	-5.41895962	-0.51876825
43280.0	694.0	-2.00187564	-6.99199057
43290.0	693.0	-5.89205742	-0.53662485
43290.0	694.0	-2.5127027	-6.87799025
43300.0	693.0	-6.36581612	-0.55667502
43300.0	694.0	-3.01401591	-6.77253723
43310.0	693.0	-6.84138966	-0.57815963
43310.0	694.0	-3.51072335	-6.67334175
43320.0	693.0	-7.31155968	-0.59967029
43320.0	694.0	-3.99932933	-6.57826567
43330.0	693.0	-7.76506901	-0.61820161
43330.0	694.0	-4.47568893	-6.48340988
43340.0	693.0	-8.18063164	-0.62774575
43340.0	694.0	-4.92478275	-6.39114523
43350.0	693.0	-8.55507469	-0.62367785
43350.0	694.0	-5.33191013	-6.30371809
43360.0	693.0	-8.91264725	-0.60056585
43360.0	694.0	-5.72088718	-6.21512032
43370.0	693.0	-9.29380512	-0.55945927
43370.0	694.0	-6.11527443	-6.12266445
43380.0	693.0	-9.67120647	-0.51725626
43380.0	694.0	-6.49893761	-6.02528286
43390.0	693.0	-10.02523994	-0.48660773
43390.0	694.0	-6.89755726	-5.95074654
43400.0	695.0	-1.22807133	-0.26056078
43400.0	696.0	2.46774983	-7.74903536
43410.0	695.0	-1.71501601	-0.29436058
43410.0	696.0	1.91179323	-7.63642073
43420.0	695.0	-2.25695801	-0.31163976
43420.0	696.0	1.32074809	-7.45272493
43430.0	695.0	-2.81475115	-0.35591245
43430.0	696.0	0.71698546	-7.26464415
43440.0	695.0	-3.40209317	-0.39691085
43440.0	696.0	0.11271787	-7.05632591
43450.0	695.0	-3.92472219	-0.44537389
43450.0	696.0	-0.41645336	-6.88636875
43460.0	695.0	-4.44117689	-0.48765981
43460.0	696.0	-0.93738341	-6.7471776
43470.0	695.0	-4.94127846	-0.51071543
43470.0	696.0	-1.46233368	-6.61629915
43480.0	695.0	-5.41623592	-0.52805096
43480.0	696.0	-1.97566772	-6.50148678
43490.0	695.0	-5.88932991	-0.5469752
43490.0	696.0	-2.48044658	-6.39578056
43500.0	695.0	-6.36461258	-0.56804377
43500.0	696.0	-2.97716737	-6.2946105
43510.0	695.0	-6.84003925	-0.58813876
43510.0	696.0	-3.46929717	-6.19956684
43520.0	695.0	-7.31258583	-0.60700643
43520.0	696.0	-3.95593953	-6.10686016
43530.0	695.0	-7.77554512	-0.62499398
43530.0	696.0	-4.43612289	-6.01664734
43540.0	695.0	-8.20802498	-0.63853014
43540.0	696.0	-4.88163948	-5.93380117
43550.0	695.0	-8.59420109	-0.64173579
43550.0	696.0	-5.2917366	-5.86037636
43560.0	695.0	-8.97202682	-0.63383347
43560.0	696.0	-5.67861557	-5.79581642
43570.0	695.0	-9.36184311	-0.60501027
43570.0	696.0	-6.07152176	-5.72903633
43580.0	695.0	-9.76410198	-0.5714733
43580.0	696.0	-6.47104263	-5.65238571
43590.0	695.0	-10.15770531	-0.54902661
43590.0	696.0	-6.88645363	-5.59025526
43600.0	697.0	-1.23001742	-0.25879991
43600.0	698.0	2.49205637	-7.25662708
43610.0	697.0	-1.71430111	-0.29198211
43610.0	698.0	1.93436694	-7.14370012
43620.0	697.0	-2.25369716	-0.31087396
43620.0	698.0	1.33192039	-6.97378159
43630.0	697.0	-2.80951715	-0.35754856
43630.0	698.0	0.73150253	-6.79373264
43640.0	697.0	-3.3919971	-0.39529178
43640.0	698.0	0.1243825	-6.58531523
43650.0	697.0	-3.91052985	-0.43929151
43650.0	698.0	-0.39835358	-6.42232323
43660.0	697.0	-4.42504406	-0.47857529
43660.0	698.0	-0.92184591	-6.2798152
43670.0	697.0	-4.92248344	-0.50134528
43670.0	698.0	-1.44622183	-6.15646553
43680.0	697.0	-5.39632702	-0.51933676
43680.0	698.0	-1.96039963	-6.04887486
43690.0	697.0	-5.87182522	-0.53949964
43690.0	698.0	-2.46355629	-5.94486523
43700.0	697.0	-6.34683514	-0.55915242
43700.0	698.0	-2.95545387	-5.84794903
43710.0	697.0	-6.82281113	-0.57713753
43710.0	698.0	-3.44498968	-5.75475788
43720.0	697.0	-7.29258823	-0.59296292
43720.0	698.0	-3.93018436	-5.66525555
43730.0	697.0	-7.75765514	-0.60495776
43730.0	698.0	-4.39896774	-5.58203793
43740.0	697.0	-8.18612576	-0.61767167
43740.0	698.0	-4.83683872	-5.51244259
43750.0	697.0	-8.57556915	-0.62103808
43750.0	698.0	-5.23981047	-5.45665407
43760.0	697.0	-8.96030712	-0.60899872
43760.0	698.0	-5.61798477	-5.40823555
43770.0	697.0	-9.36485577	-0.58030677
43770.0	698.0	-6.01193047	-5.35859203
43780.0	697.0	-9.77377224	-0.54868901
43780.0	698.0	-6.41938305	-5.30056524
43790.0	697.0	-10.17605305	-0.53085613
43790.0	698.0	-6.83830643	-5.25252914
43800.0	699.0	-1.2295593	-0.25988033
43800.0	700.0	2.46364212	-6.78336573
43810.0	699.0	-1.71575201	-0.29401374
43810.0	700.0	1.90231776	-6.67689419
43820.0	699.0	-2.25554609	-0.31445381
43820.0	700.0	1.30272901	-6.50932646
43830.0	699.0	-2.80923629	-0.36221322
43830.0	700.0	0.70327473	-6.33320951
43840.0	699.0	-3.3911643	-0.40008301
43840.0	700.0	0.0962007	-6.12757492
43850.0	699.0	-3.90813661	-0.44387671
43850.0	700.0	-0.42684913	-5.9669981
43860.0	699.0	-4.4205265	-0.4838776
43860.0	700.0	-0.94844604	-5.83381271
43870.0	699.0	-4.91794443	-0.50815403
43870.0	700.0	-1.4672482	-5.71911287
43880.0	699.0	-5.39442348	-0.5275175
43880.0	700.0	-1.97830939	-5.61556625
43890.0	699.0	-5.86880398	-0.54601562
43890.0	700.0	-2.47600484	-5.51603413
43900.0	699.0	-6.34419346	-0.56350952
43900.0	700.0	-2.96513104	-5.42094803
43910.0	699.0	-6.81771564	-0.57901895
43910.0	700.0	-3.45275855	-5.33101988
43920.0	699.0	-7.28602791	-0.59393972
43920.0	700.0	-3.92483592	-5.24902201
43930.0	699.0	-7.74412632	-0.61089641
43930.0	700.0	-4.38460922	-5.17948771
43940.0	699.0	-8.17347336	-0.62554896
43940.0	700.0	-4.8159256	-5.1276083
43950.0	699.0	-8.56589127	-0.62848276
43950.0	700.0	-5.20666409	-5.08496475
43960.0	699.0	-8.94731426	-0.6221298
43960.0	700.0	-5.58247662	-5.05629253
43970.0	699.0	-9.34345055	-0.59669548
43970.0	700.0	-5.97319126	-5.02279568
43980.0	699.0	-9.74057007	-0.56772208
43980.0	700.0	-6.37957573	-4.97767925
43990.0	699.0	-10.12867355	-0.54104191
43990.0	700.0	-6.78145123	-4.94031906
44000.0	701.0	-1.23043227	-0.25936547
44000.0	702.0	2.44903564	-6.28468513
44010.0	701.0	-1.71613359	-0.29350781
44010.0	702.0	1.89470506	-6.18033886
44020.0	701.0	-2.25340509	-0.31354347
44020.0	702.0	1.30334318	-6.01691246
44030.0	701.0	-2.80483079	-0.35986954
44030.0	702.0	0.71112967	-5.8433733
44040.0	701.0	-3.38323665	-0.39686385
44040.0	702.0	0.11008477	-5.64041233
44050.0	701.0	-3.89728594	-0.44119501
44050.0	702.0	-0.40794802	-5.48668671
44060.0	701.0	-4.40918922	-0.48245621
44060.0	702.0	-0.92339349	-5.36036015
44070.0	701.0	-4.9089942	-0.5081659
44070.0	702.0	-1.43927526	-5.2496295
44080.0	701.0	-5.38481998	-0.5260784
44080.0	702.0	-1.94564915	-5.14995146
44090.0	701.0	-5.86012173	-0.54272968
44090.0	702.0	-2.44097328	-5.05239487
44100.0	701.0	-6.33348274	-0.55853975
44100.0	702.0	-2.92796707	-4.96044445
44110.0	701.0	-6.80652618	-0.57130545
44110.0	702.0	-3.40370321	-4.87760258
44120.0	701.0	-7.26959419	-0.5869388
44120.0	702.0	-3.86100245	-4.80938435
44130.0	701.0	-7.7293663	-0.60467744
44130.0	702.0	-4.30447197	-4.75588465
44140.0	701.0	-8.15510845	-0.61805081
44140.0	702.0	-4.71674633	-4.7168293
44150.0	701.0	-8.54531479	-0.62445951
44150.0	702.0	-5.09697914	-4.6894207
44160.0	701.0	-8.93297482	-0.61149788
44160.0	702.0	-5.47298622	-4.66074276
44170.0	701.0	-9.32784081	-0.58283252
44170.0	702.0	-5.85358334	-4.6184721
44180.0	701.0	-9.72863007	-0.55131984
44180.0	702.0	-6.24583435	-4.5674305
44190.0	701.0	-10.09986877	-0.53358531
44190.0	702.0	-6.60100937	-4.53087521
44200.0	703.0	-1.23016274	-0.25998423
44200.0	704.0	2.5176146	-5.81309319
44210.0	703.0	-1.71330655	-0.29457903
44210.0	704.0	1.96920335	-5.71082783
44220.0	703.0	-2.24911547	-0.3134875
44220.0	704.0	1.38645542	-5.55468941
44230.0	703.0	-2.79793167	-0.35901105
44230.0	704.0	0.79886508	-5.38951731
44240.0	703.0	-3.3746779	-0.39660406
44240.0	704.0	0.20512128	-5.20284128
44250.0	703.0	-3.88928747	-0.43906239
44250.0	704.0	-0.30880618	-5.05813837
44260.0	703.0	-4.40201139	-0.48037267
44260.0	704.0	-0.81949472	-4.9373951
44270.0	703.0	-4.90357685	-0.50512707
44270.0	704.0	-1.33252692	-4.83117723
44280.0	703.0	-5.38253593	-0.52227312
44280.0	704.0	-1.83714652	-4.73394728
44290.0	703.0	-5.85763264	-0.53850174
44290.0	704.0	-2.33041072	-4.63958549
44300.0	703.0	-6.33211517	-0.55120432
44300.0	704.0	-2.80647159	-4.55486584
44310.0	703.0	-6.8008709	-0.56536156
44310.0	704.0	-3.27313876	-4.48561144
44320.0	703.0	-7.27077389	-0.58314037
44320.0	704.0	-3.72719789	-4.4343586
44330.0	703.0	-7.73834801	-0.60062957
44330.0	704.0	-4.17742729	-4.39777946
44340.0	703.0	-8.17279625	-0.61891383
44340.0	704.0	-4.59489441	-4.38126278
44350.0	703.0	-8.56900597	-0.62901753
44350.0	704.0	-4.98005772	-4.3739748
44360.0	703.0	-8.95727825	-0.62197542
44360.0	704.0	-5.35749722	-4.35680151
44370.0	703.0	-9.36260414	-0.59832621
44370.0	704.0	-5.7579813	-4.31927586
44380.0	703.0	-9.76900291	-0.56825703
44380.0	704.0	-6.15996933	-4.27351952
44390.0	703.0	-10.15977955	-0.54842538
44390.0	704.0	-6.55272675	-4.23751974
44400.0	705.0	-1.22925651	-0.2597245
44400.0	706.0	2.54032087	-5.37171602
44400.0	707.0	-1.55037975	-6.76036358
44400.0	708.0	-1.50372744	-8.24707222
44400.0	709.0	-1.3692565	-2.70972466
44400.0	710.0	-0.52925652	3.3702755
44410.0	705.0	-1.71878493	-0.29335371
44410.0	706.0	1.99563372	-5.25960922
44410.0	707.0	-2.04735422	-6.79095459
44410.0	708.0	-1.99330902	-8.28187656
44410.0	709.0	-1.85878491	-2.74335384
44410.0	710.0	-1.01878488	3.33664632
44420.0	705.0	-2.2627151	-0.3117134
44420.0	706.0	1.42281175	-5.09506035
44420.0	707.0	-2.5974288	-6.80313444
44420.0	708.0	-2.5282464	-8.30464363
44420.0	709.0	-2.40271521	-2.7617135
44420.0	710.0	-1.56271505	3.31828666
44430.0	705.0	-2.81946135	-0.3555125
44430.0	706.0	0.84672236	-4.92355728
44430.0	707.0	-3.1589663	-6.84085369
44430.0	708.0	-3.07570481	-8.35346222
44430.0	709.0	-2.95946145	-2.80551267
44430.0	710.0	-2.11946154	3.2744875
44440.0	705.0	-3.40526819	-0.39292517
44440.0	706.0	0.26393151	-4.73600197
44440.0	707.0	-3.74761939	-6.86989212
44440.0	708.0	-3.64671206	-8.38767242
44440.0	709.0	-3.54526806	-2.84292531
44440.0	710.0	-2.70526814	3.23707485
44450.0	705.0	-3.92679167	-0.43958265
44450.0	706.0	-0.24915624	-4.60221338
44450.0	707.0	-4.27239466	-6.90628624
44450.0	708.0	-4.15685081	-8.42942524
44450.0	709.0	-4.06679153	-2.88958263
44450.0	710.0	-3.22679162	3.19041753
44460.0	705.0	-4.44172573	-0.48119885
44460.0	706.0	-0.75432754	-4.49084377
44460.0	707.0	-4.79067516	-6.93818521
44460.0	708.0	-4.66678429	-8.46617031
44460.0	709.0	-4.5817256	-2.93119884
44460.0	710.0	-3.74172544	3.14880133
44470.0	705.0	-4.94244099	-0.50132465
44470.0	706.0	-1.26135969	-4.38473511
44470.0	707.0	-5.29528189	-6.95166874
44470.0	708.0	-5.16830444	-8.48655033
44470.0	709.0	-5.08244085	-2.9513247
44470.0	710.0	-4.24244118	3.12867546
44480.0	705.0	-5.4201622	-0.51622576
44480.0	706.0	-1.75805497	-4.29068756
44480.0	707.0	-5.77770567	-6.96091175
44480.0	708.0	-5.64638519	-8.51421738
44480.0	709.0	-5.56016254	-2.96622586
44480.0	710.0	-4.72016239	3.1137743
44490.0	705.0	-5.89762878	-0.53338957
44490.0	706.0	-2.23951507	-4.2084341
44490.0	707.0	-6.2591176	-6.97236443
44490.0	708.0	-6.12700748	-8.54855728
44490.0	709.0	-6.03762865	-2.98338962
44490.0	710.0	-5.1976285	3.09661055
44500.0	705.0	-6.37556458	-0.55307299
44500.0	706.0	-2.70895505	-4.14686298
44500.0	707.0	-6.73734856	-6.98976994
44500.0	708.0	-6.60132313	-8.58337975
44500.0	709.0	-6.51556492	-3.00307298
44500.0	710.0	-5.67556477	3.07692719
44510.0	705.0	-6.85587406	-0.56844306
44510.0	706.0	-3.17746472	-4.10150766
44510.0	707.0	-7.21615744	-7.0042243
44510.0	708.0	-7.07722092	-8.61198521
44510.0	709.0	-6.9958744	-3.01844311
44510.0	710.0	-6.15587425	3.06155705
44520.0	705.0	-7.32481956	-0.58065766
44520.0	706.0	-3.63628125	-4.07283497
44520.0	707.0	-7.68138123	-7.01507425
44520.0	708.0	-7.54405689	-8.631917
44520.0	709.0	-7.46481943	-3.03065777
44520.0	710.0	-6.62481928	3.04934239
44530.0	705.0	-7.78898811	-0.59574342
44530.0	706.0	-4.0910902	-4.06068563
44530.0	707.0	-8.14317322	-7.02955198
44530.0	708.0	-8.00989819	-8.64692688
44530.0	709.0	-7.92898846	-3.04574347
44530.0	710.0	-7.0889883	3.0342567
44540.0	705.0	-8.22001743	-0.60881585
44540.0	706.0	-4.5159111	-4.06335545
44540.0	707.0	-8.56661987	-7.0422883
44540.0	708.0	-8.4417181	-8.65939903
44540.0	709.0	-8.36001682	-3.05881596
44540.0	710.0	-7.52001715	3.02118421
44550.0	705.0	-8.6166935	-0.61342424
44550.0	706.0	-4.89985371	-4.06645966
44550.0	707.0	-8.96052361	-7.04868269
44550.0	708.0	-8.84344864	-8.66607285
44550.0	709.0	-8.75669384	-3.06342435
44550.0	710.0	-7.91669369	3.01657581
44560.0	705.0	-9.00948238	-0.60551059
44560.0	706.0	-5.27928543	-4.0560832
44560.0	707.0	-9.35284996	-7.04094315
44560.0	708.0	-9.23836136	-8.66337013
44560.0	709.0	-9.14948177	-3.05551052
44560.0	710.0	-8.30948257	3.0244894
44570.0	705.0	-9.40791798	-0.57853562
44570.0	706.0	-5.67961788	-4.02336454
44570.0	707.0	-9.74497509	-7.02152061
44570.0	708.0	-9.63191319	-8.64581299
44570.0	709.0	-9.54791737	-3.0285356
44570.0	710.0	-8.70791817	3.05146456
44580.0	705.0	-9.81383324	-0.54383463
44580.0	706.0	-6.08889008	-3.97901273
44580.0	707.0	-10.13597107	-6.99700212
44580.0	708.0	-10.02263641	-8.62220383
44580.0	709.0	-9.95383263	-2.99383473
44580.0	710.0	-9.11383247	3.08616543
44590.0	705.0	-10.2044878	-0.51880527
44590.0	706.0	-6.48640823	-3.94531775
44590.0	707.0	-10.50302219	-6.97708321
44590.0	708.0	-10.38980103	-8.60200119
44590.0	709.0	-10.34448719	-2.96880531
44590.0	710.0	-9.50448799	3.11119485
44600.0	711.0	-1.22962213	-0.26093286
44600.0	712.0	2.5396688	-4.94533443
44600.0	713.0	-1.54860556	-6.76175165
44600.0	714.0	-1.49898529	-8.24583054
44600.0	715.0	-1.36962211	-2.71093297
44600.0	716.0	-0.52962214	3.36906719
44610.0	711.0	-1.72360921	-0.29275498
44610.0	712.0	1.98727131	-4.82574224
44610.0	713.0	-2.05102897	-6.78780222
44610.0	714.0	-1.99497366	-8.26704693
44610.0	715.0	-1.86360931	-2.74275494
44610.0	716.0	-1.02360916	3.33724523
44620.0	711.0	-2.26490045	-0.30694982
44620.0	712.0	1.42164481	-4.65505505
44620.0	713.0	-2.60318732	-6.79227591
44620.0	714.0	-2.52803779	-8.27532864
44620.0	715.0	-2.40490055	-2.7569499
44620.0	716.0	-1.5649004	3.32305026
44630.0	711.0	-2.81958604	-0.34684682
44630.0	712.0	0.84483171	-4.48117542
44630.0	713.0	-3.16372037	-6.82226992
44630.0	714.0	-3.06875372	-8.31547737
44630.0	715.0	-2.95958614	-2.79684687
44630.0	716.0	-2.11958599	3.2831533
44640.0	711.0	-3.40181398	-0.38309413
44640.0	712.0	0.26741004	-4.29903221
44640.0	713.0	-3.75035381	-6.84927654
44640.0	714.0	-3.63579369	-8.34418869
44640.0	715.0	-3.54181385	-2.83309412
44640.0	716.0	-2.70181394	3.24690604
44650.0	711.0	-3.91781807	-0.42884046
44650.0	712.0	-0.23835397	-4.1676383
44650.0	713.0	-4.26990604	-6.8874898
44650.0	714.0	-4.14019108	-8.38253117
44650.0	715.0	-4.05781794	-2.87884045
44650.0	716.0	-3.21781802	3.20115972
44660.0	711.0	-4.43101025	-0.46713811
44660.0	712.0	-0.74427462	-4.0543704
44660.0	713.0	-4.78559113	-6.92053413
44660.0	714.0	-4.65036058	-8.41915607
44660.0	715.0	-4.57101011	-2.9171381
44660.0	716.0	-3.73100996	3.16286206
44670.0	711.0	-4.93237019	-0.4884581
44670.0	712.0	-1.24733973	-3.95282626
44670.0	713.0	-5.29191065	-6.93749714
44670.0	714.0	-5.15492535	-8.45155334
44670.0	715.0	-5.07237053	-2.9384582
44670.0	716.0	-4.23237038	3.14154196
44680.0	711.0	-5.4108429	-0.50505412
44680.0	712.0	-1.73177791	-3.86931896
44680.0	713.0	-5.77546549	-6.94877672
44680.0	714.0	-5.63672447	-8.4839201
44680.0	715.0	-5.55084324	-2.95505428
44680.0	716.0	-4.71084309	3.12494588
44690.0	711.0	-5.89035511	-0.5249362
44690.0	712.0	-2.20725179	-3.80753589
44690.0	713.0	-6.25513077	-6.96575356
44690.0	714.0	-6.11503124	-8.51935959
44690.0	715.0	-6.03035498	-2.97493625
44690.0	716.0	-5.19035482	3.10506392
44700.0	711.0	-6.37241936	-0.54030526
44700.0	712.0	-2.67707801	-3.76083088
44700.0	713.0	-6.73497343	-6.98016644
44700.0	714.0	-6.59573841	-8.54837894
44700.0	715.0	-6.5124197	-2.99030542
44700.0	716.0	-5.67241955	3.08969474
44710.0	711.0	-6.84969902	-0.55179983
44710.0	712.0	-3.14124513	-3.7317996
44710.0	713.0	-7.21059895	-6.99050045
44710.0	714.0	-7.07397652	-8.56781197
44710.0	715.0	-6.98969936	-3.00179982
44710.0	716.0	-6.14969921	3.07820034
44720.0	711.0	-7.32386971	-0.56624359
44720.0	712.0	-3.60278296	-3.72012043
44720.0	713.0	-7.68283224	-7.00351667
44720.0	714.0	-7.55305672	-8.58231831
44720.0	715.0	-7.46386957	-3.0162437
44720.0	716.0	-6.62386942	3.06375647
44730.0	711.0	-7.79247379	-0.58272433
44730.0	712.0	-4.05723858	-3.72355413
44730.0	713.0	-8.14931965	-7.01898909
44730.0	714.0	-8.02671814	-8.5988493
44730.0	715.0	-7.93247366	-3.03272438
44730.0	716.0	-7.09247351	3.04727578
44740.0	711.0	-8.22699833	-0.60009456
44740.0	712.0	-4.47911358	-3.73706388
44740.0	713.0	-8.57626343	-7.03466129
44740.0	714.0	-8.46158123	-8.61764336
44740.0	715.0	-8.36699867	-3.0500946
44740.0	716.0	-7.52699852	3.02990556
44750.0	711.0	-8.62977123	-0.6090036
44750.0	712.0	-4.86927032	-3.7417717
44750.0	713.0	-8.97588348	-7.04511261
44750.0	714.0	-8.86489105	-8.6326437
44750.0	715.0	-8.76977158	-3.05900359
44750.0	716.0	-7.92977142	3.02099657
44760.0	711.0	-9.01311302	-0.59867132
44760.0	712.0	-5.25066853	-3.72731829
44760.0	713.0	-9.35650253	-7.0385437
44760.0	714.0	-9.25101662	-8.62456226
44760.0	715.0	-9.15311337	-3.04867148
44760.0	716.0	-8.31311321	3.03132868
44770.0	711.0	-9.41129208	-0.56855398
44770.0	712.0	-5.65126801	-3.69062591
44770.0	713.0	-9.74827671	-7.0165
44770.0	714.0	-9.64477634	-8.60038757
44770.0	715.0	-9.55129147	-3.01855397
44770.0	716.0	-8.71129227	3.06144619
44780.0	711.0	-9.80966473	-0.53633255
44780.0	712.0	-6.0568943	-3.64765406
44780.0	713.0	-10.13145924	-6.99728298
44780.0	714.0	-10.03403854	-8.57418728
44780.0	715.0	-9.94966412	-2.98633265
44780.0	716.0	-9.10966492	3.09366751
44790.0	711.0	-10.19920826	-0.51857436
44790.0	712.0	-6.4522438	-3.62259221
44790.0	713.0	-10.50655079	-6.98925972
44790.0	714.0	-10.4093523	-8.56100655
44790.0	715.0	-10.33920765	-2.96857452
44790.0	716.0	-9.49920845	3.11142564
44800.0	717.0	-1.23911047	-0.2620157
44800.0	718.0	2.52573514	-4.49405527
44800.0	719.0	-1.55614591	-6.76309395
44800.0	720.0	-1.50874591	-8.25171947
44800.0	721.0	-1.37911046	-2.71201587
44800.0	722.0	-0.53911036	3.36798429
44810.0	717.0	-1.71331668	-0.29379719
44810.0	718.0	1.98998249	-4.39119434
44810.0	719.0	-2.04355478	-6.78986359
44810.0	720.0	-1.96960425	-8.27222538
44810.0	721.0	-1.85331678	-2.7437973
44810.0	722.0	-1.01331663	3.33620286
44820.0	717.0	-2.25222468	-0.30936795
44820.0	718.0	1.42332053	-4.23968887
44820.0	719.0	-2.59359026	-6.79614258
44820.0	720.0	-2.50033236	-8.28706741
44820.0	721.0	-2.39222479	-2.75936794
44820.0	722.0	-1.55222464	3.32063222
44830.0	717.0	-2.79299545	-0.34690246
44830.0	718.0	0.85747933	-4.07805681
44830.0	719.0	-3.14555907	-6.82633495
44830.0	720.0	-3.01758599	-8.3180418
44830.0	721.0	-2.93299532	-2.79690242
44830.0	722.0	-2.09299517	3.28309774
44840.0	717.0	-3.35633278	-0.37773752
44840.0	718.0	0.29592538	-3.90744591
44840.0	719.0	-3.71780252	-6.8512435
44840.0	720.0	-3.55437827	-8.33809662
44840.0	721.0	-3.49633265	-2.82773757
44840.0	722.0	-2.65633273	3.25226259
44850.0	717.0	-3.86202884	-0.40765613
44850.0	718.0	-0.20815659	-3.76860571
44850.0	719.0	-4.23167419	-6.87845039
44850.0	720.0	-4.04871941	-8.3573637
44850.0	721.0	-4.00202894	-2.85765624
44850.0	722.0	-3.16202879	3.22234392
44860.0	717.0	-4.36087751	-0.43996054
44860.0	718.0	-0.69963002	-3.65335608
44860.0	719.0	-4.73960161	-6.90683985
44860.0	720.0	-4.5396719	-8.39451027
44860.0	721.0	-4.50087738	-2.88996053
44860.0	722.0	-3.66087747	3.19003963
44870.0	717.0	-4.86195469	-0.46278206
44870.0	718.0	-1.18911242	-3.56693459
44870.0	719.0	-5.24586153	-6.92370367
44870.0	720.0	-5.04606676	-8.43096352
44870.0	721.0	-5.00195456	-2.91278219
44870.0	722.0	-4.1619544	3.16721797
44880.0	717.0	-5.34133148	-0.48196393
44880.0	718.0	-1.66814661	-3.50405121
44880.0	719.0	-5.72692013	-6.9395833
44880.0	720.0	-5.52420425	-8.46429062
44880.0	721.0	-5.48133183	-2.93196392
44880.0	722.0	-4.64133167	3.14803624
44890.0	717.0	-5.82285976	-0.49669188
44890.0	718.0	-2.14161777	-3.45691252
44890.0	719.0	-6.20755911	-6.95265484
44890.0	720.0	-6.00439644	-8.49088001
44890.0	721.0	-5.96285963	-2.94669199
44890.0	722.0	-5.12285948	3.13330817
44900.0	717.0	-6.2993021	-0.50816679
44900.0	718.0	-2.60541344	-3.42696142
44900.0	719.0	-6.68230629	-6.96284199
44900.0	720.0	-6.47935581	-8.50966549
44900.0	721.0	-6.43930244	-2.95816684
44900.0	722.0	-5.59930229	3.12183332
44910.0	717.0	-6.77344799	-0.5219174
44910.0	718.0	-3.06519604	-3.41509247
44910.0	719.0	-7.150877	-6.97597647
44910.0	720.0	-6.95475292	-8.52448463
44910.0	721.0	-6.91344786	-2.97191739
44910.0	722.0	-6.0734477	3.10808277
44920.0	717.0	-7.2484169	-0.53624624
44920.0	718.0	-3.52464819	-3.41673279
44920.0	719.0	-7.61881971	-6.98937035
44920.0	720.0	-7.43275452	-8.53831005
44920.0	721.0	-7.38841677	-2.98624635
44920.0	722.0	-6.54841661	3.09375381
44930.0	717.0	-7.7136364	-0.5525474
44930.0	718.0	-3.97421885	-3.42823219
44930.0	719.0	-8.07246208	-7.00449944
44930.0	720.0	-7.89861679	-8.55623722
44930.0	721.0	-7.85363674	-3.0025475
44930.0	722.0	-7.01363659	3.07745266
44940.0	717.0	-8.15514469	-0.56882459
44940.0	718.0	-4.40207291	-3.44025946
44940.0	719.0	-8.50450516	-7.01959801
44940.0	720.0	-8.33494854	-8.57696438
44940.0	721.0	-8.29514503	-3.01882458
44940.0	722.0	-7.45514488	3.06117558
44950.0	717.0	-8.55630493	-0.57305467
44950.0	718.0	-4.79638815	-3.44006348
44950.0	719.0	-8.89839363	-7.02539158
44950.0	720.0	-8.73775768	-8.58528709
44950.0	721.0	-8.69630432	-3.02305484
44950.0	722.0	-7.85630465	3.05694532
44960.0	717.0	-8.94172096	-0.56162101
44960.0	718.0	-5.18088484	-3.42819357
44960.0	719.0	-9.27619743	-7.01997328
44960.0	720.0	-9.12171268	-8.57891178
44960.0	721.0	-9.08172131	-3.011621
44960.0	722.0	-8.24172115	3.06837916
44970.0	717.0	-9.33171272	-0.53673106
44970.0	718.0	-5.57356691	-3.39823198
44970.0	719.0	-9.65599728	-7.0029664
44970.0	720.0	-9.50735188	-8.554245
44970.0	721.0	-9.47171211	-2.98673105
44970.0	722.0	-8.63171196	3.09326911
44980.0	717.0	-9.72683144	-0.50452012
44980.0	718.0	-5.96815348	-3.36797643
44980.0	719.0	-10.03715706	-6.98500109
44980.0	720.0	-9.88951683	-8.52360439
44980.0	721.0	-9.86683083	-2.95452023
44980.0	722.0	-9.02683067	3.12547994
44990.0	717.0	-10.12010765	-0.47686023
44990.0	718.0	-6.36116266	-3.34683847
44990.0	719.0	-10.41366673	-6.96480942
44990.0	720.0	-10.27047825	-8.49246979
44990.0	721.0	-10.26010704	-2.92686033
44990.0	722.0	-9.42010689	3.15313983
45000.0	723.0	-1.23930442	-0.26444691
45000.0	724.0	2.44765782	-4.16043758
45000.0	725.0	-1.57703829	-6.74533844
45000.0	726.0	-1.48411202	-8.25733852
45000.0	727.0	-1.37930441	-2.71444702
45000.0	728.0	-0.53930438	3.36555314
45010.0	723.0	-1.70172966	-0.29360282
45010.0	724.0	1.9235903	-4.0617218
45010.0	725.0	-2.0505147	-6.77127171
45010.0	726.0	-1.95092976	-8.28251171
45010.0	727.0	-1.84172964	-2.74360275
45010.0	728.0	-1.00172961	3.33639717
45020.0	723.0	-2.2364223	-0.30814812
45020.0	724.0	1.36887717	-3.91446424
45020.0	725.0	-2.59417439	-6.78006935
45020.0	726.0	-2.48347902	-8.29639244
45020.0	727.0	-2.37642241	-2.75814819
45020.0	728.0	-1.53642225	3.32185197
45030.0	723.0	-2.76560259	-0.33916047
45030.0	724.0	0.81839848	-3.75676441
45030.0	725.0	-3.13418627	-6.80648947
45030.0	726.0	-3.01637149	-8.32637119
45030.0	727.0	-2.90560246	-2.78916049
45030.0	728.0	-2.06560254	3.29083967
45040.0	723.0	-3.31965041	-0.36540827
45040.0	724.0	0.26813602	-3.58605719
45040.0	725.0	-3.69793534	-6.82872105
45040.0	726.0	-3.57717967	-8.35517788
45040.0	727.0	-3.45965052	-2.81540823
45040.0	728.0	-2.61965036	3.26459193
45050.0	723.0	-3.82117867	-0.39238125
45050.0	724.0	-0.2240572	-3.45258284
45050.0	725.0	-4.20595026	-6.85194778
45050.0	726.0	-4.08707428	-8.39775944
45050.0	727.0	-3.96117878	-2.84238124
45050.0	728.0	-3.12117863	3.23761892
45060.0	723.0	-4.31326389	-0.42474055
45060.0	724.0	-0.69846916	-3.35397863
45060.0	725.0	-4.70489073	-6.87930441
45060.0	726.0	-4.58793783	-8.45102119
45060.0	727.0	-4.45326424	-2.8747406
45060.0	728.0	-3.61326408	3.20525956
45070.0	723.0	-4.81746674	-0.45304531
45070.0	724.0	-1.18279862	-3.28529906
45070.0	725.0	-5.21165037	-6.90379477
45070.0	726.0	-5.09387684	-8.49520683
45070.0	727.0	-4.95746708	-2.90304542
45070.0	728.0	-4.11746693	3.17695475
45080.0	723.0	-5.30145836	-0.46909958
45080.0	724.0	-1.65900183	-3.23586488
45080.0	725.0	-5.69704819	-6.91772366
45080.0	726.0	-5.57836151	-8.52486229
45080.0	727.0	-5.4414587	-2.91909957
45080.0	728.0	-4.60145855	3.16090059
45090.0	723.0	-5.78088093	-0.48196101
45090.0	724.0	-2.12535238	-3.20491362
45090.0	725.0	-6.1767211	-6.92879105
45090.0	726.0	-6.06057167	-8.54634285
45090.0	727.0	-5.92030239	-2.9318924
45090.0	728.0	-5.07988739	3.14775705
45100.0	723.0	-6.25903988	-0.49578172
45100.0	724.0	-2.59040689	-3.19174671
45100.0	725.0	-6.65436888	-6.94164038
45100.0	726.0	-6.54436398	-8.56164646
45100.0	727.0	-6.39838743	-2.94665241
45100.0	728.0	-5.55759096	3.13326716
45110.0	723.0	-6.73413277	-0.51043129
45110.0	724.0	-3.05524492	-3.19416809
45110.0	725.0	-7.12676859	-6.9566474
45110.0	726.0	-7.02296543	-8.57716084
45110.0	727.0	-6.87318468	-2.96181822
45110.0	728.0	-6.02963972	3.11658669
45120.0	723.0	-7.20453453	-0.52912349
45120.0	724.0	-3.51672506	-3.20875335
45120.0	725.0	-7.59286213	-6.97820711
45120.0	726.0	-7.49643421	-8.59939003
45120.0	727.0	-7.34491682	-2.98020887
45120.0	728.0	-6.4965415	3.0958693
45130.0	723.0	-7.66903877	-0.54707211
45130.0	724.0	-3.9765439	-3.22616434
45130.0	725.0	-8.0543251	-7.00134945
45130.0	726.0	-7.95879459	-8.6278038
45130.0	727.0	-7.80981016	-2.99743795
45130.0	728.0	-6.95599031	3.07428026
45140.0	723.0	-8.10170078	-0.5580402
45140.0	724.0	-4.41262197	-3.23732805
45140.0	725.0	-8.47996044	-7.01618195
45140.0	726.0	-8.38943005	-8.64476776
45140.0	727.0	-8.24553204	-3.00766778
45140.0	728.0	-7.37947798	3.06017661
45150.0	723.0	-8.49629879	-0.55448747
45150.0	724.0	-4.81363773	-3.23499632
45150.0	725.0	-8.86932945	-7.01740313
45150.0	726.0	-8.78204346	-8.6491127
45150.0	727.0	-8.64086437	-3.00227737
45150.0	728.0	-7.76799631	3.06057334
45160.0	723.0	-8.87184715	-0.54532677
45160.0	724.0	-5.19854307	-3.22232008
45160.0	725.0	-9.24141884	-7.01380444
45160.0	726.0	-9.15936089	-8.64192104
45160.0	727.0	-9.01668644	-2.99014759
45160.0	728.0	-8.14093781	3.06621838
45170.0	723.0	-9.25780964	-0.51851666
45170.0	724.0	-5.59062243	-3.19627953
45170.0	725.0	-9.62276459	-6.99602222
45170.0	726.0	-9.53805828	-8.61751175
45170.0	727.0	-9.39796543	-2.96044779
45170.0	728.0	-8.52064705	3.0860374
45180.0	723.0	-9.64968967	-0.48136765
45180.0	724.0	-5.99285173	-3.16298914
45180.0	725.0	-10.00481987	-6.97020864
45180.0	726.0	-9.92075634	-8.58712769
45180.0	727.0	-9.78853512	-2.91800308
45180.0	728.0	-8.90432549	3.11238265
45190.0	723.0	-10.03244781	-0.45448083
45190.0	724.0	-6.38490915	-3.14147282
45190.0	725.0	-10.37323952	-6.94987679
45190.0	726.0	-10.289114	-8.56419373
45190.0	727.0	-10.17402935	-2.88370442
45190.0	728.0	-9.27298355	3.1319325
45200.0	729.0	-1.23513234	-0.26102868
45200.0	730.0	2.33420825	-3.81424832
45200.0	731.0	-1.57595265	-6.74037075
45200.0	732.0	-1.4549824	-8.24777126
45200.0	733.0	-1.37513232	-2.71102881
45200.0	734.0	-0.53513235	3.36897135
45200.0	735.0	1.10650671	-10.0339632
45200.0	736.0	1.65361142	3.41171956
45210.0	729.0	-1.72516263	-0.30346406
45210.0	730.0	1.79322815	-3.75680137
45210.0	731.0	-2.070786	-6.78075361
45210.0	732.0	-1.93985772	-8.29314232
45210.0	733.0	-1.86516261	-2.75346422
45210.0	734.0	-1.02516258	3.32653594
45210.0	735.0	0.5574916	-9.94159794
45210.0	736.0	1.95747435	3.36544871
45220.0	729.0	-2.25864649	-0.31876841
45220.0	730.0	1.23306727	-3.63016343
45220.0	731.0	-2.61070156	-6.79104233
45220.0	732.0	-2.47351551	-8.31402493
45220.0	733.0	-2.39864659	-2.76876855
45220.0	734.0	-1.55864656	3.31123161
45220.0	735.0	-0.0062567	-9.77660751
45220.0	736.0	2.29007816	3.3102107
45230.0	729.0	-2.80645561	-0.3534959
45230.0	730.0	0.66462874	-3.48207855
45230.0	731.0	-3.16278839	-6.81988859
45230.0	732.0	-3.03013253	-8.35236454
45230.0	733.0	-2.94645548	-2.80349588
45230.0	734.0	-2.10645556	3.27650428
45230.0	735.0	-0.59047067	-9.58306217
45230.0	736.0	2.49820137	3.24265003
45240.0	729.0	-3.37525916	-0.38189629
45240.0	730.0	0.1082294	-3.3310585
45240.0	731.0	-3.73603773	-6.8416996
45240.0	732.0	-3.61042738	-8.40388966
45240.0	733.0	-3.51525927	-2.83189631
45240.0	734.0	-2.67525911	3.24810386
45240.0	735.0	-1.16714895	-9.38955784
45240.0	736.0	2.64271474	3.18611598
45250.0	729.0	-3.88579202	-0.41655958
45250.0	730.0	-0.38239336	-3.2161665
45250.0	731.0	-4.24914932	-6.87027311
45250.0	732.0	-4.12846565	-8.47482014
45250.0	733.0	-4.02579212	-2.86655974
45250.0	734.0	-3.18579197	3.21344042
45250.0	735.0	-1.70010912	-9.22590446
45250.0	736.0	2.79821062	3.14328742
45260.0	729.0	-4.3901515	-0.45160848
45260.0	730.0	-0.85471845	-3.13266468
45260.0	731.0	-4.75426769	-6.90193939
45260.0	732.0	-4.64342022	-8.54063797
45260.0	733.0	-4.53015137	-2.90160847
45260.0	734.0	-3.69015145	3.1783917
45260.0	735.0	-2.22590828	-9.08156967
45260.0	736.0	2.98451567	3.11726546
45270.0	729.0	-4.89023304	-0.46868372
45270.0	730.0	-1.33301282	-3.07716537
45270.0	731.0	-5.25582933	-6.91802597
45270.0	732.0	-5.14601707	-8.57684898
45270.0	733.0	-5.03023291	-2.91868377
45270.0	734.0	-4.19023323	3.16131639
45270.0	735.0	-2.76630259	-8.95119476
45270.0	736.0	3.20496178	3.11426282
45280.0	729.0	-5.36691284	-0.47934979
45280.0	730.0	-1.80384064	-3.04148054
45280.0	731.0	-5.73307705	-6.92862988
45280.0	732.0	-5.62555027	-8.59813023
45280.0	733.0	-5.50749636	-2.92909265
45280.0	734.0	-4.66625166	3.15041471
45280.0	735.0	-3.29862595	-8.81730843
45280.0	736.0	3.44390631	3.12447953
45290.0	729.0	-5.83184147	-0.4903143
45290.0	730.0	-2.26719379	-3.02523375
45290.0	731.0	-6.19674158	-6.94033098
45290.0	732.0	-6.09081268	-8.61015987
45290.0	733.0	-5.97325373	-2.94000053
45290.0	734.0	-5.12906456	3.13900876
45290.0	735.0	-3.81616545	-8.67902946
45290.0	736.0	3.69529486	3.13592005
45300.0	729.0	-6.30251026	-0.50306523
45300.0	730.0	-2.72701502	-3.02970457
45300.0	731.0	-6.66414452	-6.95456648
45300.0	732.0	-6.56469345	-8.62161541
45300.0	733.0	-6.44641542	-2.9527781
45300.0	734.0	-5.59726954	3.12588167
45300.0	735.0	-4.31949806	-8.54384327
45300.0	736.0	3.95684242	3.15049601
45310.0	729.0	-6.77071857	-0.51797956
45310.0	730.0	-3.18979263	-3.04020119
45310.0	731.0	-7.12947559	-6.97120905
45310.0	732.0	-7.03520012	-8.63941383
45310.0	733.0	-6.91741848	-2.96891928
45310.0	734.0	-6.06145763	3.1105113
45310.0	735.0	-4.81287527	-8.40375233
45310.0	736.0	4.22968578	3.16966319
45320.0	729.0	-7.23696423	-0.53035653
45320.0	730.0	-3.65607262	-3.04995298
45320.0	731.0	-7.59498119	-6.98855066
45320.0	732.0	-7.50175476	-8.65659142
45320.0	733.0	-7.38608742	-2.98170638
45320.0	734.0	-6.52308798	3.09575176
45320.0	735.0	-5.29626942	-8.26677513
45320.0	736.0	4.51053905	3.19391584
45330.0	729.0	-7.69034958	-0.53913808
45330.0	730.0	-4.115417	-3.05876184
45330.0	731.0	-8.04903603	-7.00401878
45330.0	732.0	-7.95811272	-8.66974735
45330.0	733.0	-7.84447193	-2.99055958
45330.0	734.0	-6.97130299	3.08215427
45330.0	735.0	-5.76691866	-8.15072727
45330.0	736.0	4.79849339	3.222229
45340.0	729.0	-8.11022949	-0.54720676
45340.0	730.0	-4.55472994	-3.06920433
45340.0	731.0	-8.46840191	-7.01963234
45340.0	732.0	-8.3771534	-8.68489647
45340.0	733.0	-8.26988506	-2.99739718
45340.0	734.0	-7.38671637	3.06736851
45340.0	735.0	-6.20954037	-8.05657005
45340.0	736.0	5.10154438	3.26053858
45350.0	729.0	-8.4875164	-0.53912377
45350.0	730.0	-4.95235205	-3.05954266
45350.0	731.0	-8.84112167	-7.01963997
45350.0	732.0	-8.75265408	-8.683465
45350.0	733.0	-8.6503582	-2.9871366
45350.0	734.0	-7.75553083	3.06630707
45350.0	735.0	-6.62139082	-7.98842192
45350.0	736.0	5.43825912	3.31593704
45360.0	729.0	-8.8599987	-0.51648349
45360.0	730.0	-5.33887577	-3.03416228
45360.0	731.0	-9.20966339	-7.0032692
45360.0	732.0	-9.12405968	-8.66333199
45360.0	733.0	-9.02394962	-2.96521115
45360.0	734.0	-8.12123299	3.0749228
45360.0	735.0	-7.00415421	-7.9518404
45360.0	736.0	5.80255604	3.3890028
45370.0	729.0	-9.23766804	-0.48487335
45370.0	730.0	-5.7317214	-2.99788141
45370.0	731.0	-9.58146858	-6.97661734
45370.0	732.0	-9.49521828	-8.6330061
45370.0	733.0	-9.40587139	-2.93247056
45370.0	734.0	-8.49391174	3.09321761
45370.0	735.0	-7.38796425	-7.92305136
45370.0	736.0	6.17509651	3.4849174
45380.0	729.0	-9.61740494	-0.44903368
45380.0	730.0	-6.13011599	-2.94677377
45380.0	731.0	-9.95035362	-6.94636393
45380.0	732.0	-9.86558247	-8.59982967
45380.0	733.0	-9.79345036	-2.89470053
45380.0	734.0	-8.85757828	3.11098266
45380.0	735.0	-7.78316021	-7.88118744
45380.0	736.0	6.53905916	3.58459926
45390.0	729.0	-9.99241638	-0.42549402
45390.0	730.0	-6.52630186	-2.90427709
45390.0	731.0	-10.31450844	-6.92740536
45390.0	732.0	-10.23276138	-8.57778549
45390.0	733.0	-10.17488861	-2.86735868
45390.0	734.0	-9.20739937	3.11744952
45390.0	735.0	-8.18282795	-7.83869267
45390.0	736.0	6.93101501	3.64642763
45400.0	737.0	-1.23237264	-0.26338381
45400.0	738.0	-1.5699321	-6.7444315
45400.0	739.0	-1.45821083	-8.22160053
45400.0	740.0	-1.37237263	-2.71338391
45400.0	741.0	-0.53237259	3.36661625
45400.0	742.0	1.09224987	-9.55739117
45400.0	743.0	0.63343865	-9.8127203
45410.0	737.0	-1.70788324	-0.29138151
45410.0	738.0	-2.05974436	-6.77154255
45410.0	739.0	-1.92662287	-8.26016235
45410.0	740.0	-1.84788322	-2.74138165
45410.0	741.0	-1.00788319	3.33861852
45410.0	742.0	0.53934747	-9.43657589
45410.0	743.0	0.08657402	-9.67263222
45420.0	737.0	-2.25217915	-0.3068642
45420.0	738.0	-2.61357951	-6.78252268
45420.0	739.0	-2.46317196	-8.29491997
45420.0	740.0	-2.39217925	-2.75686431
45420.0	741.0	-1.55217922	3.32313585
45420.0	742.0	-0.04423344	-9.26028252
45420.0	743.0	-0.47957128	-9.4790535
45430.0	737.0	-2.79570842	-0.3430413
45430.0	738.0	-3.1703434	-6.81523323
45430.0	739.0	-3.01295519	-8.35512638
45430.0	740.0	-2.93570852	-2.79304147
45430.0	741.0	-2.09570837	3.28695869
45430.0	742.0	-0.62528265	-9.06960869
45430.0	743.0	-1.04834199	-9.27078056
45440.0	737.0	-3.36589313	-0.37306297
45440.0	738.0	-3.75209904	-6.84412146
45440.0	739.0	-3.58837891	-8.4176178
45440.0	740.0	-3.50589323	-2.82306314
45440.0	741.0	-2.66589308	3.25693703
45440.0	742.0	-1.20897853	-8.85734177
45440.0	743.0	-1.61557508	-9.05208969
45450.0	737.0	-3.87581849	-0.40878779
45450.0	738.0	-4.27075052	-6.88163233
45450.0	739.0	-4.09555292	-8.49242783
45450.0	740.0	-4.0158186	-2.85878778
45450.0	741.0	-3.17581844	3.22121239
45450.0	742.0	-1.74241292	-8.6772871
45450.0	743.0	-2.13532758	-8.87987518
45460.0	737.0	-4.38109827	-0.44489583
45460.0	738.0	-4.78295279	-6.91856384
45460.0	739.0	-4.60117531	-8.5524025
45460.0	740.0	-4.52109814	-2.89489579
45460.0	741.0	-3.68109822	3.18510437
45460.0	742.0	-2.26682568	-8.51825047
45460.0	743.0	-2.65057421	-8.7346611
45470.0	737.0	-4.88775063	-0.4700405
45470.0	738.0	-5.28938627	-6.94229221
45470.0	739.0	-5.10180569	-8.58366013
45470.0	740.0	-5.02807903	-2.91994262
45470.0	741.0	-4.18710566	3.15969658
45470.0	742.0	-2.80327463	-8.37656307
45470.0	743.0	-3.17557001	-8.60749054
45480.0	737.0	-5.37108803	-0.48906249
45480.0	738.0	-5.77201509	-6.95983028
45480.0	739.0	-5.58284378	-8.60092068
45480.0	740.0	-5.51193237	-2.93897676
45480.0	741.0	-4.6684823	3.14035702
45480.0	742.0	-3.32765818	-8.23594856
45480.0	743.0	-3.68968415	-8.48378944
45490.0	737.0	-5.8541317	-0.50654691
45490.0	738.0	-6.25182724	-6.97809219
45490.0	739.0	-6.06454372	-8.61864948
45490.0	740.0	-5.99623251	-2.9562788
45490.0	741.0	-5.14783382	3.12245226
45490.0	742.0	-3.84186888	-8.09779549
45490.0	743.0	-4.19253349	-8.3656292
45500.0	737.0	-6.32928371	-0.52552217
45500.0	738.0	-6.72390079	-6.9995451
45500.0	739.0	-6.53989601	-8.64224148
45500.0	740.0	-6.47222614	-2.97560811
45500.0	741.0	-5.61891127	3.1034472
45500.0	742.0	-4.34214592	-7.96067572
45500.0	743.0	-4.6837697	-8.25732899
45510.0	737.0	-6.80125332	-0.53942859
45510.0	738.0	-7.19295979	-7.01865911
45510.0	739.0	-7.01275158	-8.66589165
45510.0	740.0	-6.94600773	-2.98935485
45510.0	741.0	-6.08490038	3.0874784
45510.0	742.0	-4.82892799	-7.82610416
45510.0	743.0	-5.16380119	-8.15806389
45520.0	737.0	-7.26368618	-0.55131048
45520.0	738.0	-7.65396309	-7.03928137
45520.0	739.0	-7.47605419	-8.68819809
45520.0	740.0	-7.41175175	-2.99980688
45520.0	741.0	-6.54067183	3.07128882
45520.0	742.0	-5.30096292	-7.70470715
45520.0	743.0	-5.62589455	-8.07269096
45530.0	737.0	-7.70983505	-0.55836123
45530.0	738.0	-8.10286522	-7.05673122
45530.0	739.0	-7.92426586	-8.7071352
45530.0	740.0	-7.86010551	-3.00513744
45530.0	741.0	-6.9804883	3.05788326
45530.0	742.0	-5.75463963	-7.60470772
45530.0	743.0	-6.06630611	-8.00545216
45540.0	737.0	-8.13186359	-0.56332827
45540.0	738.0	-8.52600098	-7.07488585
45540.0	739.0	-8.34356117	-8.72427177
45540.0	740.0	-8.28494167	-3.00784159
45540.0	741.0	-7.39674854	3.04413366
45540.0	742.0	-6.17841196	-7.53279924
45540.0	743.0	-6.48051596	-7.94890785
45550.0	737.0	-8.50939083	-0.55975974
45550.0	738.0	-8.90424728	-7.08456421
45550.0	739.0	-8.71818924	-8.7310791
45550.0	740.0	-8.6650362	-3.00169373
45550.0	741.0	-7.76694679	3.03500152
45550.0	742.0	-6.57050037	-7.49052238
45550.0	743.0	-6.8684516	-7.9054985
45560.0	737.0	-8.86394119	-0.5407449
45560.0	738.0	-9.26006317	-7.07721949
45560.0	739.0	-9.07162094	-8.72588921
45560.0	740.0	-9.02158642	-2.98106241
45560.0	741.0	-8.12373543	3.03687286
45560.0	742.0	-6.93768787	-7.46900082
45560.0	743.0	-7.23818588	-7.87577581
45570.0	737.0	-9.22060299	-0.50816387
45570.0	738.0	-9.61759377	-7.05029678
45570.0	739.0	-9.42388535	-8.70351601
45570.0	740.0	-9.37927341	-2.94694471
45570.0	741.0	-8.46820736	3.05458403
45570.0	742.0	-7.31103802	-7.44776011
45570.0	743.0	-7.61269951	-7.84137392
45580.0	737.0	-9.58166313	-0.46159542
45580.0	738.0	-9.97561264	-7.00704288
45580.0	739.0	-9.77691841	-8.66819191
45580.0	740.0	-9.74168491	-2.89961839
45580.0	741.0	-8.81380844	3.08362842
45580.0	742.0	-7.68844795	-7.40998983
45580.0	743.0	-7.98392868	-7.79701614
45590.0	737.0	-9.93851566	-0.41715676
45590.0	738.0	-10.32938766	-6.96730089
45590.0	739.0	-10.12232018	-8.63603783
45590.0	740.0	-10.10199642	-2.85400605
45590.0	741.0	-9.14272308	3.10996604
45590.0	742.0	-8.06626987	-7.36863041
45590.0	743.0	-8.35616016	-7.75259256
45600.0	744.0	-1.21616864	-0.2463547
45600.0	745.0	-1.57571363	-6.70641136
45600.0	746.0	-1.44566894	-8.14705372
45600.0	747.0	-1.35616851	-2.69635487
45600.0	748.0	-0.51616853	3.3836453
45610.0	744.0	-1.66032314	-0.28146306
45610.0	745.0	-2.03366089	-6.74281836
45610.0	746.0	-1.89124346	-8.18820572
45610.0	747.0	-1.80032313	-2.73146319
45610.0	748.0	-0.9603231	3.34853697
45620.0	744.0	-2.18499112	-0.2704106
45620.0	745.0	-2.56713033	-6.73364019
45620.0	746.0	-2.40142083	-8.1994009
45620.0	747.0	-2.32499123	-2.72041059
45620.0	748.0	-1.48499107	3.35958958
45630.0	744.0	-2.69701338	-0.27049702
45630.0	745.0	-3.0909481	-6.73558569
45630.0	746.0	-2.92154336	-8.22833157
45630.0	747.0	-2.83701324	-2.72049713
45630.0	748.0	-1.99701333	3.35950303
45640.0	744.0	-3.24013972	-0.31296253
45640.0	745.0	-3.64620495	-6.77626371
45640.0	746.0	-3.46921611	-8.27680779
45640.0	747.0	-3.38013983	-2.76296258
45640.0	748.0	-2.54013968	3.31703758
45650.0	744.0	-3.73279405	-0.35839361
45650.0	745.0	-4.14467573	-6.8266058
45650.0	746.0	-3.95545316	-8.33108616
45650.0	747.0	-3.87279415	-2.80839372
45650.0	748.0	-3.032794	3.27160645
45660.0	744.0	-4.22490644	-0.43633342
45660.0	745.0	-4.64628029	-6.90902567
45660.0	746.0	-4.44425583	-8.40553188
45660.0	747.0	-4.36520004	-2.88626862
45660.0	748.0	-3.52393818	3.19327188
45670.0	744.0	-4.73997784	-0.49187815
45670.0	745.0	-5.16597176	-6.96521568
45670.0	746.0	-4.94893646	-8.45680428
45670.0	747.0	-4.8801074	-2.94188929
45670.0	748.0	-4.03806877	3.13754702
45680.0	744.0	-5.21540451	-0.52784449
45680.0	745.0	-5.64400578	-7.00727606
45680.0	746.0	-5.4227767	-8.49026585
45680.0	747.0	-5.35688782	-2.97738886
45680.0	748.0	-4.50905991	3.10029149
45690.0	744.0	-5.70820522	-0.54340488
45690.0	745.0	-6.14618444	-7.03269339
45690.0	746.0	-5.92122746	-8.51364994
45690.0	747.0	-5.85051203	-2.9932878
45690.0	748.0	-4.99663115	3.08410311
45700.0	744.0	-6.1848135	-0.55284208
45700.0	745.0	-6.63157797	-7.05246258
45700.0	746.0	-6.40500927	-8.53615379
45700.0	747.0	-6.32801771	-3.00282335
45700.0	748.0	-5.46615553	3.07354283
45710.0	744.0	-6.66793251	-0.55964994
45710.0	745.0	-7.12296438	-7.06646585
45710.0	746.0	-6.89604282	-8.55075836
45710.0	747.0	-6.81141186	-3.00790453
45710.0	748.0	-5.9396534	3.06327081
45720.0	744.0	-7.13307953	-0.56716561
45720.0	745.0	-7.60240555	-7.08171844
45720.0	746.0	-7.37530708	-8.57055378
45720.0	747.0	-7.27530575	-3.01341391
45720.0	748.0	-6.3953681	3.04944587
45730.0	744.0	-7.58410358	-0.57381511
45730.0	745.0	-8.06792545	-7.09347153
45730.0	746.0	-7.84150696	-8.58184528
45730.0	747.0	-7.72352839	-3.01549387
45730.0	748.0	-6.83890772	3.03347778
45740.0	744.0	-8.00050354	-0.57125193
45740.0	745.0	-8.48747921	-7.09585762
45740.0	746.0	-8.263134	-8.58563328
45740.0	747.0	-8.1400156	-3.01031256
45740.0	748.0	-7.24305439	3.02348256
45750.0	744.0	-8.38169098	-0.55848479
45750.0	745.0	-8.87255955	-7.08405161
45750.0	746.0	-8.64104462	-8.58244228
45750.0	747.0	-8.51534939	-2.99614358
45750.0	748.0	-7.60520363	3.02251983
45760.0	744.0	-8.73902321	-0.54462785
45760.0	745.0	-9.2266283	-7.06455898
45760.0	746.0	-9.00030041	-8.56839752
45760.0	747.0	-8.86935329	-2.97915864
45760.0	748.0	-7.95155621	3.02538919
45770.0	744.0	-9.12220669	-0.51215899
45770.0	745.0	-9.60285854	-7.02684116
45770.0	746.0	-9.36451721	-8.53857803
45770.0	747.0	-9.24681854	-2.94890022
45770.0	748.0	-8.31439972	3.04994464
45780.0	744.0	-9.50737381	-0.46621239
45780.0	745.0	-9.98531914	-6.98052645
45780.0	746.0	-9.73842621	-8.50499916
45780.0	747.0	-9.62907887	-2.90577817
45780.0	748.0	-8.67545891	3.08625913
45790.0	744.0	-9.88648987	-0.42489284
45790.0	745.0	-10.36481476	-6.93827152
45790.0	746.0	-10.10904789	-8.47964859
45790.0	747.0	-10.00785255	-2.86653495
45790.0	748.0	-9.02481079	3.11439109
45800.0	749.0	-1.23936784	-0.24030909
45800.0	750.0	-1.59953308	-6.69168472
45800.0	751.0	-1.47775733	-8.13367653
45800.0	752.0	-1.37936783	-2.69030905
45800.0	753.0	-0.53936779	3.38969111
45810.0	749.0	-1.70927274	-0.26539195
45810.0	750.0	-2.07487011	-6.71707869
45810.0	751.0	-1.92001104	-8.16362095
45810.0	752.0	-1.84927273	-2.71539211
45810.0	753.0	-1.00927269	3.36460805
45820.0	749.0	-2.23529577	-0.25121066
45820.0	750.0	-2.60514307	-6.70239258
45820.0	751.0	-2.4204278	-8.17230129
45820.0	752.0	-2.37529564	-2.70121074
45820.0	753.0	-1.53529572	3.37878942
45830.0	749.0	-2.76269221	-0.26621291
45830.0	750.0	-3.13701439	-6.71748829
45830.0	751.0	-2.94263411	-8.19731617
45830.0	752.0	-2.90269232	-2.71621299
45830.0	753.0	-2.06269217	3.36378717
45840.0	749.0	-3.31186914	-0.29957449
45840.0	750.0	-3.69007301	-6.74981022
45840.0	751.0	-3.46752763	-8.23224449
45840.0	752.0	-3.45186901	-2.74957466
45840.0	753.0	-2.6118691	3.33042574
45850.0	749.0	-3.80936813	-0.38010573
45850.0	750.0	-4.19167805	-6.831738
45850.0	751.0	-3.9402492	-8.31132984
45850.0	752.0	-3.94966173	-2.83004093
45850.0	753.0	-3.10838556	3.24949408
45860.0	749.0	-4.33658981	-0.46019739
45860.0	750.0	-4.7220583	-6.91288662
45860.0	751.0	-4.4434557	-8.37617874
45860.0	752.0	-4.47671938	-2.91020846
45860.0	753.0	-3.63466263	3.169245
45870.0	749.0	-4.83944941	-0.50717813
45870.0	750.0	-5.22785091	-6.96638155
45870.0	751.0	-4.92767715	-8.41588879
45870.0	752.0	-4.98093271	-2.9567225
45870.0	753.0	-4.13311338	3.12097025
45880.0	749.0	-5.33239365	-0.52292138
45880.0	750.0	-5.73013163	-6.99137497
45880.0	751.0	-5.42712212	-8.43913651
45880.0	752.0	-5.47470045	-2.97280431
45880.0	753.0	-4.62083912	3.10460377
45890.0	749.0	-5.80759907	-0.53242111
45890.0	750.0	-6.21367264	-7.01100636
45890.0	751.0	-5.90845394	-8.46140194
45890.0	752.0	-5.95059538	-2.98223782
45890.0	753.0	-5.08889055	3.09395838
45900.0	749.0	-6.28754997	-0.53975564
45900.0	750.0	-6.70210028	-7.02586365
45900.0	751.0	-6.39556122	-8.47689629
45900.0	752.0	-6.43169689	-2.98880219
45900.0	753.0	-5.56000757	3.08318472
45910.0	749.0	-6.74829292	-0.55023354
45910.0	750.0	-7.17843103	-7.04441977
45910.0	751.0	-6.87123299	-8.49941254
45910.0	752.0	-6.89412117	-2.99641633
45910.0	753.0	-6.0154047	3.06867313
45920.0	749.0	-7.19027996	-0.55615813
45920.0	750.0	-7.63784504	-7.05566883
45920.0	751.0	-7.33064556	-8.50852585
45920.0	752.0	-7.33888197	-2.99915504
45920.0	753.0	-6.45850515	3.05352592
45930.0	749.0	-7.6224432	-0.54838604
45930.0	750.0	-8.07773876	-7.05654144
45930.0	751.0	-7.77151966	-8.50913906
45930.0	752.0	-7.77247715	-2.9910171
45930.0	753.0	-6.88856173	3.04174829
45940.0	749.0	-8.01596737	-0.53714752
45940.0	750.0	-8.47683811	-7.04985189
45940.0	751.0	-8.16738129	-8.51285839
45940.0	752.0	-8.16516304	-2.98014712
45940.0	753.0	-7.27441549	3.03362632
45950.0	749.0	-8.37362957	-0.52391905
45950.0	750.0	-8.83331299	-7.036654
45950.0	751.0	-8.52361584	-8.50590038
45950.0	752.0	-8.52355385	-2.96806526
45950.0	753.0	-7.62105227	3.0298059
45960.0	749.0	-8.72654629	-0.50187027
45960.0	750.0	-9.18123436	-7.01357317
45960.0	751.0	-8.86172485	-8.48838711
45960.0	752.0	-8.87804604	-2.94810247
45960.0	753.0	-7.96293163	3.04303765
45970.0	749.0	-9.08451748	-0.46151203
45970.0	750.0	-9.54370308	-6.97219086
45970.0	751.0	-9.21814823	-8.45294285
45970.0	752.0	-9.24107265	-2.91055036
45970.0	753.0	-8.32445335	3.08068562
45980.0	749.0	-9.44786549	-0.41034204
45980.0	750.0	-9.9135952	-6.92193842
45980.0	751.0	-9.5681715	-8.41155434
45980.0	752.0	-9.61056995	-2.86194468
45980.0	753.0	-8.68368912	3.12236023
45990.0	749.0	-9.81699276	-0.37435636
45990.0	750.0	-10.28232956	-6.89100456
45990.0	751.0	-9.9190321	-8.38581276
45990.0	752.0	-9.98308659	-2.8281312
45990.0	753.0	-9.0429821	3.14797163
46000.0	754.0	-1.23331094	-0.24789672
46000.0	755.0	-1.59463882	-6.69671917
46000.0	756.0	-1.46171474	-8.22146225
46000.0	757.0	-1.37331092	-2.69789672
46000.0	758.0	-0.53331083	3.38210344
46010.0	754.0	-1.69277072	-0.27534822
46010.0	755.0	-2.06252837	-6.7181201
46010.0	756.0	-1.90763116	-8.2477684
46010.0	757.0	-1.83277082	-2.72534823
46010.0	758.0	-0.99277073	3.35465193
46020.0	754.0	-2.21127129	-0.29189283
46020.0	755.0	-2.59205055	-6.73604155
46020.0	756.0	-2.42350698	-8.26595688
46020.0	757.0	-2.35127139	-2.74189281
46020.0	758.0	-1.51127136	3.33810735
46030.0	754.0	-2.72561741	-0.32674071
46030.0	755.0	-3.10840988	-6.7699666
46030.0	756.0	-2.92724156	-8.29595566
46030.0	757.0	-2.86561751	-2.77674079
46030.0	758.0	-2.0256176	3.30325937
46040.0	754.0	-3.2704246	-0.36682135
46040.0	755.0	-3.6595211	-6.813622
46040.0	756.0	-3.46084309	-8.33160019
46040.0	757.0	-3.41074228	-2.81674767
46040.0	758.0	-2.56938076	3.26275587
46050.0	754.0	-3.77330732	-0.44738531
46050.0	755.0	-4.1741848	-6.90021896
46050.0	756.0	-3.96684909	-8.39815235
46050.0	757.0	-3.91346836	-2.89742541
46050.0	758.0	-3.07130003	3.18213058
46060.0	754.0	-4.28908348	-0.51863194
46060.0	755.0	-4.69361687	-6.97931862
46060.0	756.0	-4.467206	-8.45693493
46060.0	757.0	-4.43055248	-2.96819711
46060.0	758.0	-3.58278251	3.10956931
46070.0	754.0	-4.79671478	-0.55497479
46070.0	755.0	-5.21197367	-7.02489042
46070.0	756.0	-4.97889233	-8.49447536
46070.0	757.0	-4.93898916	-3.00488615
46070.0	758.0	-4.08524179	3.0726223
46080.0	754.0	-5.28013611	-0.57614273
46080.0	755.0	-5.70312643	-7.05585241
46080.0	756.0	-5.46213055	-8.52541924
46080.0	757.0	-5.42315626	-3.0259769
46080.0	758.0	-4.56136799	3.05028129
46090.0	754.0	-5.76349545	-0.58616179
46090.0	755.0	-6.19452763	-7.07256699
46090.0	756.0	-5.95159817	-8.54260349
46090.0	757.0	-5.90767288	-3.03527403
46090.0	758.0	-5.03551531	3.03684831
46100.0	754.0	-6.22333622	-0.59604895
46100.0	755.0	-6.66901302	-7.09024286
46100.0	756.0	-6.42652893	-8.56483555
46100.0	757.0	-6.36867237	-3.04255199
46100.0	758.0	-5.49059868	3.02264595
46110.0	754.0	-6.66977692	-0.60014307
46110.0	755.0	-7.1313138	-7.09969187
46110.0	756.0	-6.8929863	-8.57213879
46110.0	757.0	-6.8164854	-3.0433414
46110.0	758.0	-5.93732834	3.00903869
46120.0	754.0	-7.10963631	-0.59500188
46120.0	755.0	-7.57810831	-7.10192537
46120.0	756.0	-7.343894	-8.57643986
46120.0	757.0	-7.2569437	-3.03673935
46120.0	758.0	-6.37591934	2.99585867
46130.0	754.0	-7.5277195	-0.58761352
46130.0	755.0	-8.00378609	-7.09856653
46130.0	756.0	-7.77502918	-8.58562088
46130.0	757.0	-7.67420721	-3.02950954
46130.0	758.0	-6.80006218	2.98052478
46140.0	754.0	-7.92385197	-0.58643121
46140.0	755.0	-8.39843082	-7.09700966
46140.0	756.0	-8.17466736	-8.59101295
46140.0	757.0	-8.07286549	-3.03108239
46140.0	758.0	-7.19495726	2.95881033
46150.0	754.0	-8.28370762	-0.58090085
46150.0	755.0	-8.75314903	-7.09061623
46150.0	756.0	-8.52312088	-8.59039688
46150.0	757.0	-8.42866802	-3.02702832
46150.0	758.0	-7.54059124	2.95162272
46160.0	754.0	-8.62831116	-0.56301713
46160.0	755.0	-9.10012817	-7.07186747
46160.0	756.0	-8.86973858	-8.57282066
46160.0	757.0	-8.777668	-3.01142168
46160.0	758.0	-7.8932271	2.96424866
46170.0	754.0	-8.98946667	-0.52774942
46170.0	755.0	-9.46720123	-7.03260326
46170.0	756.0	-9.22790909	-8.53701591
46170.0	757.0	-9.14489841	-2.9774003
46170.0	758.0	-8.25502586	3.00065637
46180.0	754.0	-9.37198544	-0.48453379
46180.0	755.0	-9.85324383	-6.99276161
46180.0	756.0	-9.61245823	-8.49390888
46180.0	757.0	-9.5323	-2.93813658
46180.0	758.0	-8.63160896	3.0399766
46190.0	754.0	-9.76389599	-0.44855911
46190.0	755.0	-10.24214649	-6.96065807
46190.0	756.0	-9.99603558	-8.46198845
46190.0	757.0	-9.91974926	-2.90672898
46190.0	758.0	-9.01397896	3.06477785
