14400.0	187.0	1.33839107	5.31968164
14400.0	188.0	1.35990655	4.46271706
14410.0	187.0	1.34832597	5.28050327
14410.0	188.0	1.35574639	4.41868496
14420.0	187.0	1.35328639	5.23652172
14420.0	188.0	1.33446205	4.37175465
14430.0	187.0	1.37003469	5.21808958
14430.0	188.0	1.32132077	4.34459543
14440.0	187.0	1.38246179	5.21276236
14440.0	188.0	1.30251503	4.33857536
14450.0	187.0	1.39373517	5.22176886
14450.0	188.0	1.28049564	4.34998798
14460.0	187.0	1.40129733	5.22747517
14460.0	188.0	1.25266302	4.356071
14470.0	187.0	1.40533423	5.2231884
14470.0	188.0	1.22371542	4.35950184
14480.0	187.0	1.40675735	5.21512651
14480.0	188.0	1.21221113	4.3660903
14490.0	187.0	1.40767729	5.20765781
14490.0	188.0	1.21616292	4.38057041
14500.0	187.0	1.41200447	5.20376205
14500.0	188.0	1.21816719	4.38872671
14510.0	187.0	1.42264295	5.23877668
14510.0	188.0	1.20870411	4.39439297
14520.0	187.0	1.46559775	5.28902292
14520.0	188.0	1.21611905	4.39684582
14530.0	187.0	1.38871121	5.30081272
14530.0	188.0	1.22048914	4.394382
14540.0	187.0	1.19511294	5.35569429
14540.0	188.0	1.21569693	4.40023279
14550.0	187.0	0.93544424	5.5066638
14550.0	188.0	1.22172606	4.41516733
14560.0	187.0	0.59441495	5.57267141
14560.0	188.0	1.228863	4.44530344
14570.0	187.0	0.24982297	5.6376214
14570.0	188.0	1.24211955	4.48378992
14580.0	187.0	-0.05673325	5.62358141
14580.0	188.0	1.26843631	4.48858404
14590.0	187.0	-0.31662261	5.64670277
14590.0	188.0	1.27075255	4.52072668
14600.0	189.0	2.28031731	5.24183846
14600.0	190.0	2.23306274	4.46244526
14610.0	189.0	2.28365827	5.1960721
14610.0	190.0	2.21759462	4.41075945
14620.0	189.0	2.28897548	5.15216255
14620.0	190.0	2.20072079	4.36578512
14630.0	189.0	2.29432845	5.13361835
14630.0	190.0	2.17484665	4.3487134
14640.0	189.0	2.30680585	5.14296865
14640.0	190.0	2.15467453	4.36196518
14650.0	189.0	2.31348491	5.15248013
14650.0	190.0	2.12933278	4.37345505
14660.0	189.0	2.31806445	5.14810753
14660.0	190.0	2.10431814	4.37583637
14670.0	189.0	2.31921148	5.13997984
14670.0	190.0	2.09218669	4.38162184
14680.0	189.0	2.3185041	5.13286495
14680.0	190.0	2.09475279	4.3968544
14690.0	189.0	2.32205319	5.12997866
14690.0	190.0	2.0973587	4.40640068
14700.0	189.0	2.3330512	5.16522312
14700.0	190.0	2.08853507	4.41269445
14710.0	189.0	2.37781596	5.21390629
14710.0	190.0	2.09612346	4.41511536
14720.0	189.0	2.30148959	5.22864485
14720.0	190.0	2.10201907	4.41279936
14730.0	189.0	2.12090302	5.28429985
14730.0	190.0	2.09883165	4.41583729
14740.0	189.0	1.8736645	5.41407156
14740.0	190.0	2.10895228	4.42187357
14750.0	189.0	1.52891457	5.45781612
14750.0	190.0	2.10921621	4.43408966
14760.0	189.0	1.19004071	5.51803398
14760.0	190.0	2.11306572	4.46722984
14770.0	189.0	0.84596288	5.51078987
14770.0	190.0	2.10727835	4.48865604
14780.0	189.0	0.603333	5.51676893
14780.0	190.0	2.11860728	4.5123148
14790.0	189.0	0.30180001	5.50098848
14790.0	190.0	2.09310865	4.52420282
14800.0	191.0	3.18254757	5.17396116
14800.0	192.0	3.04923511	4.37952566
14810.0	191.0	3.19144821	5.1309166
14810.0	192.0	3.03937173	4.32841682
14820.0	191.0	3.19935703	5.08928442
14820.0	192.0	3.02454686	4.29073858
14830.0	191.0	3.21447062	5.07085466
14830.0	192.0	3.01174712	4.27311277
14840.0	191.0	3.21421218	5.07528067
14840.0	192.0	2.9843483	4.27623034
14850.0	191.0	3.21625876	5.07544231
14850.0	192.0	2.95806313	4.27789307
14860.0	191.0	3.22069693	5.0731535
14860.0	192.0	2.94637823	4.28814459
14870.0	191.0	3.22269058	5.06782389
14870.0	192.0	2.95142341	4.30566597
14880.0	191.0	3.22708631	5.06547689
14880.0	192.0	2.95509195	4.31565619
14890.0	191.0	3.23875189	5.10093403
14890.0	192.0	2.9477129	4.32192039
14900.0	191.0	3.28373742	5.14978504
14900.0	192.0	2.9556458	4.32448435
14910.0	191.0	3.2075572	5.16085911
14910.0	192.0	2.96207023	4.32308817
14920.0	191.0	3.0144341	5.21848249
14920.0	192.0	2.96083164	4.32813787
14930.0	191.0	2.75801396	5.36522675
14930.0	192.0	2.96080589	4.34526014
14940.0	191.0	2.39250708	5.41918516
14940.0	192.0	2.9701333	4.35900164
14950.0	191.0	1.94858718	5.46276951
14950.0	192.0	2.93995118	4.36840248
14960.0	191.0	1.46334577	5.48748589
14960.0	192.0	2.81951261	4.37645054
14970.0	191.0	1.01751614	5.61200142
14970.0	192.0	2.68990541	4.49204302
14980.0	191.0	0.58786917	5.65255499
14980.0	192.0	2.57026815	4.54277992
14990.0	191.0	0.19099379	5.66787863
14990.0	192.0	2.41217899	4.56570292
15000.0	193.0	4.09415102	5.14728069
15000.0	194.0	3.87844968	4.25227976
15010.0	193.0	4.11809874	5.1236558
15010.0	194.0	3.89059854	4.22959232
15020.0	193.0	4.13243771	5.08487082
15020.0	194.0	3.89005232	4.1937499
15030.0	193.0	4.1396637	5.07542849
15030.0	194.0	3.87081695	4.17359161
15040.0	193.0	4.14589262	5.06968403
15040.0	194.0	3.84988713	4.1680584
15050.0	193.0	4.14796782	5.06802368
15050.0	194.0	3.83894229	4.17662096
15060.0	193.0	4.15413713	5.06063318
15060.0	194.0	3.84748507	4.19297409
15070.0	193.0	4.16094065	5.05655479
15070.0	194.0	3.85251331	4.20114279
15080.0	193.0	4.17339516	5.09229279
15080.0	194.0	3.84595227	4.20740128
15090.0	193.0	4.21911001	5.14083052
15090.0	194.0	3.854388	4.20991135
15100.0	193.0	4.14320135	5.14984512
15100.0	194.0	3.86105275	4.20872736
15110.0	193.0	3.94903469	5.20634699
15110.0	194.0	3.85794115	4.21388054
15120.0	193.0	3.69526839	5.35066891
15120.0	194.0	3.85505295	4.22914314
15130.0	193.0	3.33904839	5.39752865
15130.0	194.0	3.86788344	4.24141455
15140.0	193.0	2.89893508	5.42292786
15140.0	194.0	3.82354331	4.23395538
15150.0	193.0	2.39320636	5.4374423
15150.0	194.0	3.63981366	4.24070024
15160.0	193.0	1.93319511	5.5860033
15160.0	194.0	3.45219254	4.39711571
15170.0	193.0	1.47709465	5.6399312
15170.0	194.0	3.26718998	4.47819996
15180.0	193.0	1.0194397	5.65946865
15180.0	194.0	3.018538	4.50310707
15190.0	193.0	0.56520844	5.65519905
15190.0	194.0	2.70952511	4.52218533
15200.0	195.0	5.02033424	5.0760746
15200.0	196.0	4.68880272	4.09006977
15210.0	195.0	5.03939295	5.04827499
15210.0	196.0	4.6850338	4.0602684
15220.0	195.0	5.04530907	5.01603889
15220.0	196.0	4.65411282	4.02393866
15230.0	195.0	5.04862833	4.99484777
15230.0	196.0	4.62724781	4.00229073
15240.0	195.0	5.04711103	4.98468971
15240.0	196.0	4.6103344	4.00752687
15250.0	195.0	5.04807425	4.97508335
15250.0	196.0	4.61389112	4.0255127
15260.0	195.0	5.05432653	4.96738005
15260.0	196.0	4.61824083	4.03050756
15270.0	195.0	5.06958818	5.00485086
15270.0	196.0	4.61180687	4.03637218
15280.0	195.0	5.11823034	5.05350065
15280.0	196.0	4.62005615	4.03877115
15290.0	195.0	5.04212236	5.06209564
15290.0	196.0	4.62719202	4.03855228
15300.0	195.0	4.8468504	5.11695337
15300.0	196.0	4.62346506	4.04367018
15310.0	195.0	4.59114313	5.26094055
15310.0	196.0	4.61718464	4.0567627
15320.0	195.0	4.23327303	5.30306959
15320.0	196.0	4.62568617	4.06596422
15330.0	195.0	3.78894711	5.31896591
15330.0	196.0	4.57091379	4.05871439
15340.0	195.0	3.25342798	5.31207418
15340.0	196.0	4.35975027	4.05317497
15350.0	195.0	2.74658632	5.45065308
15350.0	196.0	4.10620975	4.19594431
15360.0	195.0	2.21310687	5.52130842
15360.0	196.0	3.83122849	4.29139233
15370.0	195.0	1.66422176	5.57043409
15370.0	196.0	3.48535037	4.34647179
15380.0	195.0	1.14884758	5.55840826
15380.0	196.0	3.12337422	4.3534441
15390.0	195.0	0.70791578	5.54376078
15390.0	196.0	2.77493119	4.3547368
15400.0	197.0	6.00990677	5.01955366
15400.0	198.0	5.5305109	4.12218523
15410.0	197.0	6.0092001	4.97116232
15410.0	198.0	5.50988007	4.07300091
15420.0	197.0	6.01081848	4.92883444
15420.0	198.0	5.48256683	4.03610325
15430.0	197.0	6.01677227	4.90353918
15430.0	198.0	5.4698	4.02176142
15440.0	197.0	6.01403809	4.89791441
15440.0	198.0	5.46525621	4.02565479
15450.0	197.0	6.02830267	4.90754461
15450.0	198.0	5.47765732	4.04515266
15460.0	197.0	6.03520775	4.93864012
15460.0	198.0	5.46652222	4.04762268
15470.0	197.0	6.07566357	4.99435759
15470.0	198.0	5.47145939	4.06284046
15480.0	197.0	6.00091887	5.00261593
15480.0	198.0	5.47658014	4.06235027
15490.0	197.0	5.80698538	5.05428362
15490.0	198.0	5.47465563	4.05866146
15500.0	197.0	5.56111479	5.18877983
15500.0	198.0	5.47345734	4.06559229
15510.0	197.0	5.22143793	5.21832418
15510.0	198.0	5.48619509	4.0645113
15520.0	197.0	4.8215642	5.22006989
15520.0	198.0	5.46967077	4.0509944
15530.0	197.0	4.40946102	5.1981945
15530.0	198.0	5.34354925	4.03570175
15540.0	197.0	4.01784039	5.26553297
15540.0	198.0	5.14458609	4.14731359
15550.0	197.0	3.60915947	5.30614614
15550.0	198.0	4.90058184	4.22964811
15560.0	197.0	3.18545866	5.32196856
15560.0	198.0	4.50427532	4.2590642
15570.0	197.0	2.76707268	5.33111763
15570.0	198.0	4.05447149	4.31046581
15580.0	197.0	2.47084117	5.34499598
15580.0	198.0	3.66258454	4.3263669
15590.0	197.0	2.30482626	5.36606026
15590.0	198.0	3.39742851	4.33430958
15600.0	199.0	6.99669933	5.00445604
15600.0	200.0	6.34307003	4.17104149
15610.0	199.0	7.0033884	4.95963955
15610.0	200.0	6.31879663	4.14135647
15620.0	199.0	7.02564716	4.9207015
15620.0	200.0	6.30645418	4.11935043
15630.0	199.0	7.02548981	4.8897872
15630.0	200.0	6.30599928	4.11228848
15640.0	199.0	7.027215	4.87685966
15640.0	200.0	6.31181097	4.10895586
15650.0	199.0	7.04705477	4.91621351
15650.0	200.0	6.30491066	4.1136241
15660.0	199.0	7.09473372	4.95949221
15660.0	200.0	6.31064177	4.11192179
15670.0	199.0	7.0207448	4.96755409
15670.0	200.0	6.31477594	4.11167431
15680.0	199.0	6.82806349	5.02073193
15680.0	200.0	6.3117795	4.10979319
15690.0	199.0	6.58221102	5.15261936
15690.0	200.0	6.31019115	4.10915422
15700.0	199.0	6.24767876	5.18149281
15700.0	200.0	6.31895399	4.09869385
15710.0	199.0	5.88998032	5.19135141
15710.0	200.0	6.3203721	4.10813808
15720.0	199.0	5.56551743	5.13864374
15720.0	200.0	6.32358551	4.10780191
15730.0	199.0	5.28319597	5.05648899
15730.0	200.0	6.29001141	4.10314989
15740.0	199.0	4.89042521	4.95456076
15740.0	200.0	6.0768609	4.10622025
15750.0	199.0	4.6328702	4.85865879
15750.0	200.0	5.73550892	4.03236055
15760.0	199.0	4.3701973	4.78499603
15760.0	200.0	5.44791269	4.06803608
15770.0	199.0	4.36405945	4.88626909
15770.0	200.0	5.57924795	4.14920378
15780.0	199.0	4.6627512	5.10577488
15780.0	200.0	6.02104807	4.45107841
15790.0	199.0	4.91010475	5.33479977
15790.0	200.0	6.43364477	4.6457181
15800.0	201.0	-2.50923872	6.51989412
15800.0	202.0	-1.71806419	5.46024418
15810.0	201.0	-2.41320562	6.39765167
15810.0	202.0	-1.66198373	5.36033487
15820.0	201.0	-2.2302537	6.48511314
15820.0	202.0	-1.5052799	5.4454174
15830.0	201.0	-1.94327283	6.82159281
15830.0	202.0	-1.28170955	5.75824785
15840.0	201.0	-1.52763581	7.27980614
15840.0	202.0	-0.93961358	6.16748905
15850.0	201.0	-1.06293929	7.61459303
15850.0	202.0	-0.60965228	6.46097469
15860.0	201.0	-0.59507406	7.72581387
15860.0	202.0	-0.25361502	6.52425718
15870.0	201.0	-0.26239395	7.57469034
15870.0	202.0	-0.00026667	6.36433315
15880.0	201.0	-0.10399413	7.27263498
15880.0	202.0	0.12221217	6.07412577
15890.0	201.0	-0.13870907	6.83040953
15890.0	202.0	0.04017746	5.63657475
15900.0	201.0	-0.30170202	6.28600359
15900.0	202.0	-0.17817235	5.05726385
15910.0	201.0	-0.41701639	5.73543644
15910.0	202.0	-0.32918012	4.49194813
15920.0	201.0	-0.38731647	5.29080057
15920.0	202.0	-0.28870833	4.03757763
15930.0	201.0	-0.10642266	5.01285267
15930.0	202.0	0.0247196	3.80252194
15940.0	201.0	0.30319238	4.86758614
15940.0	202.0	0.4649955	3.71931171
15950.0	201.0	0.70573306	4.73457146
15950.0	202.0	0.95568287	3.69474936
15960.0	201.0	1.10064983	4.58668995
15960.0	202.0	1.43598831	3.67002392
15970.0	201.0	1.48564267	4.40424252
15970.0	202.0	1.85648048	3.58011627
15980.0	201.0	1.81959414	4.25880146
15980.0	202.0	2.260077	3.49901748
15990.0	201.0	2.10113215	4.12551928
15990.0	202.0	2.61668539	3.37414598
16000.0	203.0	10.27954674	5.9168129
16000.0	204.0	12.45089912	6.55463696
16010.0	203.0	9.98369122	5.86192894
16010.0	204.0	12.1607523	6.50645638
16020.0	203.0	9.5518856	5.80032825
16020.0	204.0	11.77885151	6.4598465
16030.0	203.0	9.06019402	5.73158216
16030.0	204.0	11.36276817	6.39138699
16040.0	203.0	8.55694675	5.66213131
16040.0	204.0	10.90580177	6.30392933
16050.0	203.0	8.08570099	5.59170151
16050.0	204.0	10.43388367	6.2139864
16060.0	203.0	7.6243906	5.51729441
16060.0	204.0	9.95796108	6.13012743
16070.0	203.0	7.16718864	5.45117235
16070.0	204.0	9.48337936	6.04016256
16080.0	203.0	6.72982407	5.41395664
16080.0	204.0	9.0234127	5.96341038
16090.0	203.0	6.26475525	5.32836294
16090.0	204.0	8.52345276	5.84403467
16100.0	203.0	5.73442268	5.24615431
16100.0	204.0	7.96885395	5.73615074
16110.0	203.0	5.23744869	5.20715761
16110.0	204.0	7.43135023	5.65307474
16120.0	203.0	4.70608044	5.1286068
16120.0	204.0	6.88790321	5.52226591
16130.0	203.0	4.11985397	5.05354643
16130.0	204.0	6.30384302	5.4057641
16140.0	203.0	3.51815605	5.01101971
16140.0	204.0	5.7011795	5.33606386
16150.0	203.0	2.92528439	4.97600937
16150.0	204.0	5.09661436	5.29389095
16160.0	203.0	2.37136459	4.94025469
16160.0	204.0	4.50715828	5.26146317
16170.0	203.0	1.87688446	4.87629986
16170.0	204.0	3.94359589	5.22212219
16180.0	203.0	1.45468807	4.795228
16180.0	204.0	3.42083359	5.16189003
16190.0	203.0	1.09764576	4.73775291
16190.0	204.0	2.96454906	5.12787151
16200.0	205.0	12.46128464	6.11091232
16200.0	206.0	12.06168175	6.9003377
16210.0	205.0	12.25462627	5.99248695
16210.0	206.0	11.87044907	6.82108021
16220.0	205.0	11.86139584	5.85654497
16220.0	206.0	11.55466938	6.74759436
16230.0	205.0	11.40917206	5.68722343
16230.0	206.0	11.17799854	6.64064693
16240.0	205.0	10.97845554	5.53911161
16240.0	206.0	10.7607336	6.55468702
16250.0	205.0	10.54422092	5.36674595
16250.0	206.0	10.34976292	6.45830965
16260.0	205.0	10.04047012	5.20625114
16260.0	206.0	9.92290306	6.35203362
16270.0	205.0	9.62841225	5.08880281
16270.0	206.0	9.51048851	6.25639343
16280.0	205.0	9.19763756	5.00730515
16280.0	206.0	9.0898571	6.1728363
16290.0	205.0	8.72385979	4.95071268
16290.0	206.0	8.62806702	6.09651375
16300.0	205.0	8.27331448	4.89014053
16300.0	206.0	8.16937351	6.02418661
16310.0	205.0	7.85600424	4.80279827
16310.0	206.0	7.72180843	5.93784046
16320.0	205.0	7.44453096	4.71304798
16320.0	206.0	7.26903439	5.8529377
16330.0	205.0	7.00598574	4.60371447
16330.0	206.0	6.79602242	5.76850653
16340.0	205.0	6.53388214	4.53673458
16340.0	206.0	6.29656982	5.71272373
16350.0	205.0	6.07334137	4.48076534
16350.0	206.0	5.82538843	5.67545605
16360.0	205.0	5.59284496	4.45443106
16360.0	206.0	5.36882353	5.66420841
16370.0	205.0	5.10720015	4.43444109
16370.0	206.0	4.91462374	5.65854263
16380.0	205.0	4.66400146	4.39923286
16380.0	206.0	4.50818968	5.6204195
16390.0	205.0	4.27943707	4.36503506
16390.0	206.0	4.1577878	5.59164095
16400.0	207.0	7.05700588	8.43344212
16400.0	208.0	8.09700584	8.83344269
16400.0	209.0	12.3281374	3.3433795
16410.0	207.0	7.05690289	8.42205238
16410.0	208.0	8.09690285	8.82205296
16410.0	209.0	12.34085369	3.3302331
16420.0	207.0	7.05431318	8.41459179
16420.0	208.0	8.09431267	8.81459236
16420.0	209.0	12.35431004	3.3132453
16430.0	207.0	7.05502701	8.41209316
16430.0	208.0	8.09502697	8.81209373
16430.0	209.0	12.36365604	3.31458139
16440.0	207.0	7.06063604	8.41795444
16440.0	208.0	8.10063553	8.81795502
16440.0	209.0	12.37566948	3.32080126
16450.0	207.0	7.06261063	8.42686081
16450.0	208.0	8.10265827	8.82687855
16450.0	209.0	12.37537861	3.32986212
16460.0	207.0	7.06054831	8.43340778
16460.0	208.0	8.10037994	8.83346367
16460.0	209.0	12.37651253	3.3307538
16470.0	207.0	7.06035995	8.43916798
16470.0	208.0	8.10042763	8.83921242
16470.0	209.0	12.38090801	3.3269887
16480.0	207.0	7.05918407	8.44213676
16480.0	208.0	8.10002136	8.84342098
16480.0	209.0	12.38278961	3.32201242
16490.0	207.0	7.0555377	8.44423866
16490.0	208.0	8.09661865	8.8456192
16490.0	209.0	12.38296223	3.32274866
16500.0	207.0	7.05387831	8.44947243
16500.0	208.0	8.09658909	8.85066795
16500.0	209.0	12.38391304	3.32930207
16510.0	207.0	7.05407333	8.45341015
16510.0	208.0	8.09700584	8.85527325
16510.0	209.0	12.38771725	3.33696127
16520.0	207.0	7.05692434	8.45842552
16520.0	208.0	8.09962463	8.85763264
16520.0	209.0	12.38988781	3.34111023
16530.0	207.0	7.05599356	8.46493721
16530.0	208.0	8.10484505	8.86192036
16530.0	209.0	12.39208698	3.34658384
16540.0	207.0	7.04943514	8.47311783
16540.0	208.0	8.10265541	8.87352943
16540.0	209.0	12.39023304	3.36139512
16550.0	207.0	7.04861212	8.47830582
16550.0	208.0	8.10516739	8.89086914
16550.0	209.0	12.39428902	3.37808371
16560.0	207.0	7.05881166	8.49260998
16560.0	208.0	8.10341835	8.92582417
16560.0	209.0	12.39618397	3.41044736
16570.0	207.0	7.08489323	8.50538635
16570.0	208.0	8.1135931	8.96352196
16570.0	209.0	12.40691566	3.4408319
16580.0	207.0	7.11487055	8.51136875
16580.0	208.0	8.13619041	8.98071575
16580.0	209.0	12.43795586	3.45660901
16590.0	207.0	7.12987614	8.52720547
16590.0	208.0	8.14693832	8.9981842
16590.0	209.0	12.45907021	3.47416043
16600.0	210.0	7.05534029	8.43049049
16600.0	211.0	8.09534073	8.83049107
16600.0	212.0	12.41900635	3.20993519
16610.0	210.0	7.05718517	8.41988373
16610.0	211.0	8.09718513	8.8198843
16610.0	212.0	12.42668247	3.20691776
16620.0	210.0	7.05320024	8.41407394
16620.0	211.0	8.09319973	8.81407452
16620.0	212.0	12.43879318	3.20736742
16630.0	210.0	7.05513239	8.413311
16630.0	211.0	8.09513187	8.81331158
16630.0	212.0	12.45193672	3.20924973
16640.0	210.0	7.05801868	8.41816998
16640.0	211.0	8.09806442	8.81818962
16640.0	212.0	12.45173836	3.21263289
16650.0	210.0	7.05750847	8.42523956
16650.0	211.0	8.09736443	8.82531357
16650.0	212.0	12.45052433	3.20761466
16660.0	210.0	7.05823469	8.43147945
16660.0	211.0	8.09844017	8.83154297
16660.0	212.0	12.45479965	3.20028949
16670.0	210.0	7.0585146	8.43494225
16670.0	211.0	8.09947109	8.83622169
16670.0	212.0	12.45597267	3.19683027
16680.0	210.0	7.05611801	8.43615437
16680.0	211.0	8.09721851	8.83760452
16680.0	212.0	12.45807171	3.19824195
16690.0	210.0	7.05417347	8.4413147
16690.0	211.0	8.09693432	8.84264088
16690.0	212.0	12.45875263	3.20577574
16700.0	210.0	7.05326366	8.44520378
16700.0	211.0	8.09673119	8.84709454
16700.0	212.0	12.4622879	3.21378279
16710.0	210.0	7.05814314	8.44976425
16710.0	211.0	8.1003418	8.84925079
16710.0	212.0	12.46538448	3.217834
16720.0	210.0	7.05830956	8.45326042
16720.0	211.0	8.10625267	8.85286903
16720.0	212.0	12.46715355	3.22242975
16730.0	210.0	7.04679155	8.45806599
16730.0	211.0	8.10510159	8.85911942
16730.0	212.0	12.46541214	3.23445463
16740.0	210.0	7.04989338	8.46352386
16740.0	211.0	8.11048508	8.87519741
16740.0	212.0	12.47066593	3.24958158
16750.0	210.0	7.04395628	8.46641541
16750.0	211.0	8.10548687	8.90548038
16750.0	212.0	12.46875668	3.28426194
16760.0	210.0	7.05116796	8.46936893
16760.0	211.0	8.10384083	8.94329262
16760.0	212.0	12.47631168	3.31727076
16770.0	210.0	7.07586527	8.47656441
16770.0	211.0	8.11295223	8.9722147
16770.0	212.0	12.50195503	3.35359788
16780.0	210.0	7.10759592	8.48870087
16780.0	211.0	8.13987541	8.995965
16780.0	212.0	12.55286407	3.38320184
16790.0	210.0	7.13074207	8.4974041
16790.0	211.0	8.1646471	9.01436234
16790.0	212.0	12.61171246	3.40036774
16800.0	213.0	7.05668736	8.43122387
16800.0	214.0	8.09668732	8.83122444
16800.0	215.0	12.49264908	3.21197653
16810.0	213.0	7.06087971	8.41960335
16810.0	214.0	8.10087967	8.81960392
16810.0	215.0	12.51134014	3.2078619
16820.0	213.0	7.06381464	8.41328621
16820.0	214.0	8.10381413	8.81328678
16820.0	215.0	12.52185345	3.20704484
16830.0	213.0	7.06748104	8.41273212
16830.0	214.0	8.10752869	8.81274891
16830.0	215.0	12.52494049	3.20923615
16840.0	213.0	7.06912994	8.41772461
16840.0	214.0	8.10898113	8.81779194
16840.0	215.0	12.52676868	3.20322132
16850.0	213.0	7.06926537	8.42419338
16850.0	214.0	8.10946655	8.82424641
16850.0	215.0	12.53403187	3.19672585
16860.0	213.0	7.0701046	8.42846966
16860.0	214.0	8.11105061	8.82975006
16860.0	215.0	12.53396034	3.19228125
16870.0	213.0	7.067626	8.4281292
16870.0	214.0	8.10871124	8.82958698
16870.0	215.0	12.53405762	3.1924305
16880.0	213.0	7.06425714	8.43389988
16880.0	214.0	8.10700607	8.83522511
16880.0	215.0	12.5329895	3.20158672
16890.0	213.0	7.06407022	8.43800735
16890.0	214.0	8.10743237	8.83993435
16890.0	215.0	12.53758144	3.20990324
16900.0	213.0	7.06795073	8.44200039
16900.0	214.0	8.11131859	8.84263325
16900.0	215.0	12.54095173	3.21425366
16910.0	213.0	7.06808615	8.44830608
16910.0	214.0	8.11496449	8.84903049
16910.0	215.0	12.54179955	3.21949649
16920.0	213.0	7.06457663	8.45292664
16920.0	214.0	8.11607456	8.85381889
16920.0	215.0	12.54270554	3.22804737
16930.0	213.0	7.0653553	8.45073414
16930.0	214.0	8.12454224	8.86586857
16930.0	215.0	12.5483036	3.2382381
16940.0	213.0	7.05986643	8.44217587
16940.0	214.0	8.12241459	8.88388062
16940.0	215.0	12.54509544	3.25476003
16950.0	213.0	7.06101656	8.43602943
16950.0	214.0	8.11924171	8.90291882
16950.0	215.0	12.54526424	3.27077842
16960.0	213.0	7.06476593	8.44849586
16960.0	214.0	8.121912	8.93083858
16960.0	215.0	12.55312729	3.29383326
16970.0	213.0	7.07437277	8.48636532
16970.0	214.0	8.12766838	8.96781254
16970.0	215.0	12.57164001	3.33164382
16980.0	213.0	7.10179138	8.51795769
16980.0	214.0	8.16983604	8.98902035
16980.0	215.0	12.61818314	3.34765482
16990.0	213.0	7.12998009	8.54734707
16990.0	214.0	8.19536781	9.00213051
16990.0	215.0	12.6472168	3.35753345
17000.0	216.0	7.05558825	8.43378448
17000.0	217.0	8.09558868	8.83378506
17000.0	218.0	12.66107941	3.35419655
17010.0	216.0	7.05296707	8.42291355
17010.0	217.0	8.09296703	8.82291412
17010.0	218.0	12.64726925	3.33834171
17020.0	216.0	7.04940367	8.41869736
17020.0	217.0	8.08943367	8.81869411
17020.0	218.0	12.63622665	3.32718873
17030.0	216.0	7.0457077	8.41675186
17030.0	217.0	8.08558846	8.81681061
17030.0	218.0	12.63351917	3.30481052
17040.0	216.0	7.0484314	8.41870499
17040.0	217.0	8.0886755	8.81872845
17040.0	218.0	12.64085293	3.29132462
17050.0	216.0	7.04832125	8.42332172
17050.0	217.0	8.0892849	8.82457542
17050.0	218.0	12.64413357	3.28893709
17060.0	216.0	7.04628897	8.42628384
17060.0	217.0	8.08734035	8.82764816
17060.0	218.0	12.64988804	3.29051375
17070.0	216.0	7.04411602	8.43191051
17070.0	217.0	8.0869627	8.83319283
17070.0	218.0	12.65132046	3.29827213
17080.0	216.0	7.04328585	8.43613052
17080.0	217.0	8.08677101	8.83798695
17080.0	218.0	12.65404224	3.30682015
17090.0	216.0	7.04701042	8.440732
17090.0	217.0	8.0904274	8.84137344
17090.0	218.0	12.65780735	3.31227636
17100.0	216.0	7.04704428	8.44737244
17100.0	217.0	8.09385109	8.84797668
17100.0	218.0	12.65827751	3.31746006
17110.0	216.0	7.04300785	8.45018768
17110.0	217.0	8.09489441	8.85240841
17110.0	218.0	12.65938282	3.32547259
17120.0	216.0	7.04331875	8.44566154
17120.0	217.0	8.10151386	8.85867786
17120.0	218.0	12.66392899	3.3295908
17130.0	216.0	7.03599834	8.42960167
17130.0	217.0	8.10235023	8.86928844
17130.0	218.0	12.66164494	3.33483624
17140.0	216.0	7.03663588	8.42277813
17140.0	217.0	8.1044054	8.88096905
17140.0	218.0	12.66199875	3.3425107
17150.0	216.0	7.04177332	8.43363094
17150.0	217.0	8.1024332	8.89750099
17150.0	218.0	12.65906048	3.35630059
17160.0	216.0	7.03813362	8.47101498
17160.0	217.0	8.10015106	8.92657852
17160.0	218.0	12.66295624	3.38309073
17170.0	216.0	7.03158522	8.51976109
17170.0	217.0	8.1141386	8.96073627
17170.0	218.0	12.67566395	3.42222953
17180.0	216.0	7.06142426	8.56104279
17180.0	217.0	8.15778637	8.99481869
17180.0	218.0	12.71232033	3.45739174
17190.0	216.0	7.10285139	8.6056118
17190.0	217.0	8.21406269	9.02848244
17190.0	218.0	12.75239182	3.49212742
17200.0	219.0	7.05752659	8.43006897
17200.0	220.0	8.09752655	8.83006954
17200.0	221.0	12.79754639	3.44187069
17210.0	219.0	7.07103968	8.41640949
17210.0	220.0	8.11103344	8.81634808
17210.0	221.0	12.8080101	3.42229915
17220.0	219.0	7.07269526	8.40897751
17220.0	220.0	8.11265564	8.8089695
17220.0	221.0	12.81056404	3.40072227
17230.0	219.0	7.0761447	8.40564442
17230.0	220.0	8.11644173	8.80556583
17230.0	221.0	12.81827831	3.38322949
17240.0	219.0	7.07959938	8.41134739
17240.0	220.0	8.12056828	8.81257725
17240.0	221.0	12.82328606	3.37910366
17250.0	219.0	7.07981968	8.41818428
17250.0	220.0	8.12076759	8.81956196
17250.0	221.0	12.82438946	3.38529301
17260.0	219.0	7.0811348	8.42448997
17260.0	220.0	8.12389374	8.82580376
17260.0	221.0	12.82727528	3.39275575
17270.0	219.0	7.07970142	8.42852497
17270.0	220.0	8.12307453	8.83043861
17270.0	221.0	12.82840157	3.40022731
17280.0	219.0	7.08110476	8.43484879
17280.0	220.0	8.12426567	8.83561993
17280.0	221.0	12.82956791	3.40559411
17290.0	219.0	7.08098507	8.44258499
17290.0	220.0	8.12736416	8.84352875
17290.0	221.0	12.83051777	3.41091251
17300.0	219.0	7.07778502	8.44620991
17300.0	220.0	8.12917995	8.84826374
17300.0	221.0	12.83188534	3.41888762
17310.0	219.0	7.07756901	8.44212914
17310.0	220.0	8.13578033	8.85387325
17310.0	221.0	12.83697224	3.42238164
17320.0	219.0	7.07302523	8.42961788
17320.0	220.0	8.13644981	8.86452961
17320.0	221.0	12.83467197	3.42732024
17330.0	219.0	7.07575417	8.42108631
17330.0	220.0	8.13990974	8.87155151
17330.0	221.0	12.83546066	3.43130231
17340.0	219.0	7.08940554	8.42598724
17340.0	220.0	8.14357471	8.87838554
17340.0	221.0	12.83915424	3.43723559
17350.0	219.0	7.08811712	8.44181633
17350.0	220.0	8.14517784	8.89156818
17350.0	221.0	12.84529018	3.45252323
17360.0	219.0	7.06571341	8.47970104
17360.0	220.0	8.14140987	8.91117859
17360.0	221.0	12.83262157	3.47591591
17370.0	219.0	7.06430626	8.5136776
17370.0	220.0	8.1491785	8.94157982
17370.0	221.0	12.83209133	3.51683187
17380.0	219.0	7.09244347	8.55851841
17380.0	220.0	8.18117905	8.97116566
17380.0	221.0	12.86191368	3.56559038
17390.0	219.0	7.11364794	8.59851551
17390.0	220.0	8.21624756	8.99828148
17390.0	221.0	12.90390682	3.6066885
17400.0	222.0	7.05091429	8.43284321
17400.0	223.0	8.09090805	8.83277607
17400.0	224.0	12.78928471	3.45809841
17410.0	222.0	7.04875803	8.42622185
17410.0	223.0	8.08871841	8.82620335
17410.0	224.0	12.7940464	3.43294406
17420.0	222.0	7.05204248	8.42030239
17420.0	223.0	8.09227467	8.82012463
17420.0	224.0	12.79440308	3.40622044
17430.0	222.0	7.05591679	8.42309189
17430.0	223.0	8.09684277	8.82427788
17430.0	224.0	12.79607201	3.39572167
17440.0	222.0	7.05883932	8.42837715
17440.0	223.0	8.09967804	8.82965088
17440.0	224.0	12.79883003	3.4006083
17450.0	222.0	7.06001234	8.43606091
17450.0	223.0	8.10255909	8.83714867
17450.0	224.0	12.80113792	3.41056609
17460.0	222.0	7.05814743	8.44148445
17460.0	223.0	8.10136032	8.84313107
17460.0	224.0	12.80285931	3.41904831
17470.0	222.0	7.05995321	8.44828224
17470.0	223.0	8.10295677	8.84875774
17470.0	224.0	12.80435467	3.42449689
17480.0	222.0	7.05989695	8.45593262
17480.0	223.0	8.10611057	8.85659981
17480.0	224.0	12.80527782	3.42984414
17490.0	222.0	7.0567627	8.4594698
17490.0	223.0	8.10791397	8.86137295
17490.0	224.0	12.8066349	3.43770599
17500.0	222.0	7.0564394	8.45540333
17500.0	223.0	8.11459446	8.86743069
17500.0	224.0	12.81179333	3.44176984
17510.0	222.0	7.05239105	8.44342232
17510.0	223.0	8.11556625	8.8786068
17510.0	224.0	12.81011486	3.44758272
17520.0	222.0	7.05515766	8.43543911
17520.0	223.0	8.11787701	8.88610554
17520.0	224.0	12.80892658	3.45672512
17530.0	222.0	7.06956291	8.44224358
17530.0	223.0	8.1249361	8.89292526
17530.0	224.0	12.82226181	3.46196556
17540.0	222.0	7.06560898	8.45837021
17540.0	223.0	8.1242466	8.90555
17540.0	224.0	12.82189655	3.47253489
17550.0	222.0	7.02747726	8.49998569
17550.0	223.0	8.11092186	8.92952442
17550.0	224.0	12.78555775	3.49619102
17560.0	222.0	7.01819038	8.54326725
17560.0	223.0	8.10571861	8.96601009
17560.0	224.0	12.75689983	3.53707194
17570.0	222.0	7.04375219	8.6252985
17570.0	223.0	8.12854099	9.03399658
17570.0	224.0	12.78658009	3.62453318
17580.0	222.0	7.13146353	8.70383835
17580.0	223.0	8.20435333	9.09163952
17580.0	224.0	12.88903046	3.71978188
17590.0	222.0	7.21257019	8.74394035
17590.0	223.0	8.28161716	9.12650967
17590.0	224.0	12.99560833	3.77958822
17600.0	225.0	7.04813385	8.43582153
17600.0	226.0	8.08795643	8.83582211
17600.0	227.0	12.79421711	3.37194204
17610.0	225.0	7.0516715	8.43394756
17610.0	226.0	8.0917902	8.83370113
17610.0	227.0	12.80552101	3.35775852
17620.0	225.0	7.05677843	8.4337492
17620.0	226.0	8.09783745	8.83482456
17620.0	227.0	12.8118763	3.34586668
17630.0	225.0	7.06274939	8.43090153
17630.0	226.0	8.10393429	8.83190441
17630.0	227.0	12.81469822	3.34162521
17640.0	225.0	7.06557798	8.43263912
17640.0	226.0	8.10871601	8.83316326
17640.0	227.0	12.81659317	3.3467536
17650.0	225.0	7.06544876	8.43144989
17650.0	226.0	8.10920715	8.83246422
17650.0	227.0	12.81554317	3.35476422
17660.0	225.0	7.06567097	8.43696404
17660.0	226.0	8.10900974	8.8367672
17660.0	227.0	12.81694889	3.36459994
17670.0	225.0	7.06664276	8.44306183
17670.0	226.0	8.11310673	8.84317207
17670.0	227.0	12.82050228	3.37089491
17680.0	225.0	7.06394911	8.44659805
17680.0	226.0	8.11513138	8.84804153
17680.0	227.0	12.82165813	3.37700725
17690.0	225.0	7.06338978	8.44304752
17690.0	226.0	8.12166595	8.85556221
17690.0	227.0	12.8257637	3.38277888
17700.0	225.0	7.05782557	8.42861938
17700.0	226.0	8.12274933	8.8664484
17700.0	227.0	12.82289028	3.38778853
17710.0	225.0	7.05984592	8.4183321
17710.0	226.0	8.12654591	8.87430763
17710.0	227.0	12.82498837	3.39242887
17720.0	225.0	7.0694809	8.42006969
17720.0	226.0	8.13076019	8.88100052
17720.0	227.0	12.82851219	3.39833379
17730.0	225.0	7.06645107	8.43444157
17730.0	226.0	8.1301403	8.88745689
17730.0	227.0	12.8339653	3.40631008
17740.0	225.0	7.06365681	8.45536327
17740.0	226.0	8.1342411	8.89354134
17740.0	227.0	12.83637905	3.41977835
17750.0	225.0	7.05276299	8.47480869
17750.0	226.0	8.1322298	8.91012001
17750.0	227.0	12.83246517	3.44333768
17760.0	225.0	7.03712511	8.51173878
17760.0	226.0	8.12831879	8.93865967
17760.0	227.0	12.82685566	3.474051
17770.0	225.0	7.03197241	8.5535841
17770.0	226.0	8.13656807	8.96994686
17770.0	227.0	12.82609749	3.50527549
17780.0	225.0	7.05590534	8.58509541
17780.0	226.0	8.16569138	8.98713493
17780.0	227.0	12.84875584	3.52554488
17790.0	225.0	7.0777483	8.6187582
17790.0	226.0	8.18671131	9.00441551
17790.0	227.0	12.86658955	3.54956889
17800.0	228.0	7.0459919	8.43658924
17800.0	229.0	8.08545971	8.83627701
17800.0	230.0	12.77955151	3.15341735
17810.0	228.0	7.05082512	8.42284298
17810.0	229.0	8.09009933	8.8222723
17810.0	230.0	12.7877264	3.1408093
17820.0	228.0	7.05072212	8.41672993
17820.0	229.0	8.08913994	8.81475544
17820.0	230.0	12.79213047	3.13296962
17830.0	228.0	7.04554892	8.41339397
17830.0	229.0	8.08591747	8.80999565
17830.0	230.0	12.79275608	3.1315279
17840.0	228.0	7.04565287	8.41628647
17840.0	229.0	8.08663082	8.81210327
17840.0	230.0	12.79736519	3.13486481
17850.0	228.0	7.0475564	8.42209435
17850.0	229.0	8.08749104	8.81794739
17850.0	230.0	12.79833317	3.14570546
17860.0	228.0	7.05134201	8.43252087
17860.0	229.0	8.09363556	8.82924938
17860.0	230.0	12.80207825	3.15767479
17870.0	228.0	7.04775429	8.43520546
17870.0	229.0	8.09503365	8.83417892
17870.0	230.0	12.8047514	3.16665506
17880.0	228.0	7.04645634	8.4338274
17880.0	229.0	8.10119724	8.84446526
17880.0	230.0	12.80922413	3.17327452
17890.0	228.0	7.0420928	8.42033863
17890.0	229.0	8.10365486	8.8561306
17890.0	230.0	12.80735302	3.17971301
17900.0	228.0	7.04101086	8.4092226
17900.0	229.0	8.10652065	8.86331177
17900.0	230.0	12.80870056	3.18339157
17910.0	228.0	7.04897308	8.40977287
17910.0	229.0	8.10913467	8.86807537
17910.0	230.0	12.81074619	3.18758512
17920.0	228.0	7.04861689	8.42352581
17920.0	229.0	8.10963726	8.87399197
17920.0	230.0	12.81549072	3.19421721
17930.0	228.0	7.04323673	8.44142532
17930.0	229.0	8.11585331	8.87673759
17930.0	230.0	12.81629372	3.20315933
17940.0	228.0	7.03797245	8.44360638
17940.0	229.0	8.11466312	8.88214779
17940.0	230.0	12.81552601	3.20768809
17950.0	228.0	7.02137852	8.44834042
17950.0	229.0	8.11175156	8.89631844
17950.0	230.0	12.81172562	3.21564722
17960.0	228.0	7.00618887	8.47376823
17960.0	229.0	8.11127472	8.92111683
17960.0	230.0	12.81157207	3.23469782
17970.0	228.0	7.00924444	8.52574348
17970.0	229.0	8.12283707	8.95173645
17970.0	230.0	12.81854725	3.2619698
17980.0	228.0	7.02965164	8.57802868
17980.0	229.0	8.15387917	8.97417641
17980.0	230.0	12.85105801	3.29130507
17990.0	228.0	7.04973698	8.62005424
17990.0	229.0	8.18402863	8.99903202
17990.0	230.0	12.88129807	3.31835055
18000.0	231.0	7.05445957	8.43279648
18000.0	232.0	8.09540749	8.83391571
18000.0	233.0	12.78544998	3.07332277
18010.0	231.0	7.05835056	8.42302322
18010.0	232.0	8.09840965	8.82208157
18010.0	233.0	12.78742695	3.06227326
18020.0	231.0	7.05438423	8.41530323
18020.0	232.0	8.09559059	8.81278038
18020.0	233.0	12.78596115	3.05655241
18030.0	231.0	7.05331945	8.40802288
18030.0	232.0	8.09429836	8.80561161
18030.0	233.0	12.78621483	3.05176163
18040.0	231.0	7.06009531	8.40563965
18040.0	232.0	8.09989834	8.80353928
18040.0	233.0	12.79012585	3.05413389
18050.0	231.0	7.06365538	8.41018105
18050.0	232.0	8.10569286	8.80711269
18050.0	233.0	12.79326153	3.05874205
18060.0	231.0	7.06187487	8.41275787
18060.0	232.0	8.1082468	8.81112289
18060.0	233.0	12.79535961	3.06649184
18070.0	231.0	7.0616827	8.40938568
18070.0	232.0	8.11587238	8.81826687
18070.0	233.0	12.80019188	3.07081842
18080.0	231.0	7.05694056	8.39661121
18080.0	232.0	8.11784363	8.82911777
18080.0	233.0	12.7977953	3.0761137
18090.0	231.0	7.05703354	8.38635826
18090.0	232.0	8.12095833	8.83611774
18090.0	233.0	12.79931641	3.08001757
18100.0	231.0	7.06562281	8.38684082
18100.0	232.0	8.12411022	8.84057617
18100.0	233.0	12.80190754	3.08457947
18110.0	231.0	7.06590605	8.40082073
18110.0	232.0	8.12464905	8.84654617
18110.0	233.0	12.80644608	3.09119725
18120.0	231.0	7.06071091	8.42162228
18120.0	232.0	8.13065624	8.85136127
18120.0	233.0	12.80982876	3.09911728
18130.0	231.0	7.05924034	8.4214735
18130.0	232.0	8.13090515	8.85913372
18130.0	233.0	12.81154442	3.10446739
18140.0	231.0	7.04833317	8.42390728
18140.0	232.0	8.13225269	8.87169933
18140.0	233.0	12.80990982	3.11174512
18150.0	231.0	7.03757286	8.43675232
18150.0	232.0	8.13053036	8.88217354
18150.0	233.0	12.80912209	3.12524486
18160.0	231.0	7.02716827	8.47616768
18160.0	232.0	8.13009071	8.89952183
18160.0	233.0	12.81035614	3.14745998
18170.0	231.0	7.03969479	8.517272
18170.0	232.0	8.15333271	8.9100256
18170.0	233.0	12.83390427	3.16953945
18180.0	231.0	7.05214024	8.54008961
18180.0	232.0	8.17678833	8.90749741
18180.0	233.0	12.87261486	3.17584562
18190.0	231.0	7.059165	8.55177879
18190.0	232.0	8.18120766	8.90767479
18190.0	233.0	12.9039669	3.17509651
18200.0	234.0	7.05267334	8.43265247
18200.0	235.0	8.0943594	8.83126926
18200.0	236.0	12.78570461	3.0747869
18210.0	234.0	7.04901838	8.42289734
18210.0	235.0	8.0931263	8.81813431
18210.0	236.0	12.78542709	3.06361747
18220.0	234.0	7.04689741	8.41244793
18220.0	235.0	8.08982658	8.80687714
18220.0	236.0	12.78022861	3.05757475
18230.0	234.0	7.05129242	8.40385532
18230.0	235.0	8.09189224	8.79781532
18230.0	236.0	12.78223133	3.05406451
18240.0	234.0	7.05575275	8.40612793
18240.0	235.0	8.09873009	8.79877853
18240.0	236.0	12.78691387	3.05549836
18250.0	234.0	7.05474186	8.40792561
18250.0	235.0	8.10220242	8.80197811
18250.0	236.0	12.78922844	3.0627718
18260.0	234.0	7.05405283	8.4053812
18260.0	235.0	8.10970497	8.80992794
18260.0	236.0	12.79423523	3.06785417
18270.0	234.0	7.04920864	8.39274406
18270.0	235.0	8.11169052	8.82094383
18270.0	236.0	12.79187202	3.07335305
18280.0	234.0	7.0493021	8.38249111
18280.0	235.0	8.11480618	8.82794285
18280.0	236.0	12.79339314	3.07725692
18290.0	234.0	7.0579586	8.38300514
18290.0	235.0	8.11787224	8.83232021
18290.0	236.0	12.7960062	3.0817852
18300.0	234.0	7.0580883	8.39714336
18300.0	235.0	8.11817837	8.83836269
18300.0	236.0	12.8005476	3.08850098
18310.0	234.0	7.05361319	8.41620636
18310.0	235.0	8.12422848	8.84219074
18310.0	236.0	12.80372429	3.09568191
18320.0	234.0	7.0516324	8.4164753
18320.0	235.0	8.12409401	8.84884071
18320.0	236.0	12.80632401	3.09957719
18330.0	234.0	7.04557943	8.41291332
18330.0	235.0	8.12668514	8.85721779
18330.0	236.0	12.80640697	3.1002965
18340.0	234.0	7.04000235	8.42078114
18340.0	235.0	8.12947178	8.8694582
18340.0	236.0	12.80592823	3.10708761
18350.0	234.0	7.03231955	8.44230461
18350.0	235.0	8.13011646	8.88233852
18350.0	236.0	12.80813789	3.11837792
18360.0	234.0	7.02347088	8.48499775
18360.0	235.0	8.13579845	8.90389442
18360.0	236.0	12.80870152	3.14817953
18370.0	234.0	7.02296686	8.52780819
18370.0	235.0	8.15158176	8.92810249
18370.0	236.0	12.8241415	3.17904472
18380.0	234.0	7.03643703	8.54462433
18380.0	235.0	8.17415524	8.93964195
18380.0	236.0	12.85250664	3.19973469
18390.0	234.0	7.04135227	8.57175636
18390.0	235.0	8.19192791	8.96015835
18390.0	236.0	12.87188244	3.22398925
18400.0	237.0	7.04966259	8.43387318
18400.0	238.0	8.09273338	8.83080292
18400.0	239.0	12.78227806	3.068645
18410.0	237.0	7.04618216	8.42026234
18410.0	238.0	8.08955288	8.81427288
18410.0	239.0	12.77518463	3.05401635
18420.0	237.0	7.04345655	8.41031361
18420.0	238.0	8.08442879	8.80305481
18420.0	239.0	12.76784801	3.04479742
18430.0	237.0	7.04595041	8.40649509
18430.0	238.0	8.08830738	8.79707813
18430.0	239.0	12.77104759	3.04008651
18440.0	237.0	7.04464006	8.40761662
18440.0	238.0	8.09184837	8.80083656
18440.0	239.0	12.77177429	3.04728031
18450.0	237.0	7.04373264	8.40489292
18450.0	238.0	8.10078239	8.8088398
18450.0	239.0	12.7782917	3.05316305
18460.0	237.0	7.03850842	8.3939724
18460.0	238.0	8.10305309	8.82067204
18460.0	239.0	12.77673721	3.05930567
18470.0	237.0	7.03892851	8.38410187
18470.0	238.0	8.10608387	8.82773399
18470.0	239.0	12.77828217	3.06329679
18480.0	237.0	7.04758549	8.3846159
18480.0	238.0	8.10914993	8.83211136
18480.0	239.0	12.78089523	3.06782508
18490.0	237.0	7.04804087	8.39896965
18490.0	238.0	8.10961628	8.83813858
18490.0	239.0	12.78561783	3.0744772
18500.0	237.0	7.0426321	8.41794682
18500.0	238.0	8.11560822	8.84233761
18500.0	239.0	12.78884602	3.08228397
18510.0	237.0	7.04124546	8.41851139
18510.0	238.0	8.11553669	8.84904957
18510.0	239.0	12.79156303	3.08799434
18520.0	237.0	7.03400803	8.41500378
18520.0	238.0	8.11673069	8.85851955
18520.0	239.0	12.79109669	3.08884478
18530.0	237.0	7.03048849	8.41592884
18530.0	238.0	8.12128925	8.86583042
18530.0	239.0	12.7958622	3.09013844
18540.0	237.0	7.02788019	8.43502331
18540.0	238.0	8.12334442	8.87731075
18540.0	239.0	12.80019283	3.09765935
18550.0	237.0	7.01545572	8.47290897
18550.0	238.0	8.11485958	8.8885231
18550.0	239.0	12.79384422	3.10887241
18560.0	237.0	7.00967979	8.51443958
18560.0	238.0	8.1190567	8.90838909
18560.0	239.0	12.79549408	3.12787771
18570.0	237.0	7.01525211	8.54902458
18570.0	238.0	8.13836002	8.93557644
18570.0	239.0	12.81943607	3.15625095
18580.0	237.0	7.04814768	8.57501984
18580.0	238.0	8.17305088	8.95719814
18580.0	239.0	12.85258007	3.18035007
18590.0	237.0	7.07016897	8.59810352
18590.0	238.0	8.20326042	8.9856987
18590.0	239.0	12.88371658	3.21182513
18600.0	240.0	7.05456686	8.42966938
18600.0	241.0	8.09608173	8.82954788
18600.0	242.0	12.78238297	3.07387304
18610.0	240.0	7.05756187	8.4104166
18610.0	241.0	8.10325432	8.80890179
18610.0	242.0	12.79457188	3.05901694
18620.0	240.0	7.05084133	8.40257931
18620.0	241.0	8.10185623	8.79972076
18620.0	242.0	12.79874516	3.05099463
18630.0	240.0	7.05067921	8.3925972
18630.0	241.0	8.10627651	8.79280281
18630.0	242.0	12.8028183	3.05081487
18640.0	240.0	7.04774523	8.38261318
18640.0	241.0	8.11213684	8.79510117
18640.0	242.0	12.80709171	3.05275202
18650.0	240.0	7.04258633	8.37228489
18650.0	241.0	8.11204243	8.80640602
18650.0	242.0	12.80308151	3.05917263
18660.0	240.0	7.04410982	8.36373138
18660.0	241.0	8.11450195	8.81435966
18660.0	242.0	12.80455875	3.06401706
18670.0	240.0	7.05330133	8.36484051
18670.0	241.0	8.11810112	8.81904697
18670.0	242.0	12.80741024	3.06865311
18680.0	240.0	7.05375671	8.37919426
18680.0	241.0	8.11856747	8.8250742
18680.0	242.0	12.81213284	3.07530522
18690.0	240.0	7.04812813	8.39780521
18690.0	241.0	8.12450123	8.82915592
18690.0	242.0	12.81504917	3.08255863
18700.0	240.0	7.04685402	8.39770317
18700.0	241.0	8.12453747	8.83568287
18700.0	242.0	12.81827068	3.08732414
18710.0	240.0	7.03879023	8.39228058
18710.0	241.0	8.12683105	8.84420395
18710.0	242.0	12.81779575	3.08516645
18720.0	240.0	7.03414631	8.39176559
18720.0	241.0	8.13055325	8.85062313
18720.0	242.0	12.81978416	3.08541083
18730.0	240.0	7.03437185	8.40447235
18730.0	241.0	8.13613319	8.85496426
18730.0	242.0	12.82715893	3.08669209
18740.0	240.0	7.02790499	8.42882919
18740.0	241.0	8.13641357	8.86137581
18740.0	242.0	12.83082104	3.09469771
18750.0	240.0	7.02464485	8.45766449
18750.0	241.0	8.13906479	8.87310123
18750.0	242.0	12.83884239	3.11085987
18760.0	240.0	7.02091169	8.47787094
18760.0	241.0	8.14106941	8.89534855
18760.0	242.0	12.84180546	3.13492084
18770.0	240.0	7.03129244	8.50239658
18770.0	241.0	8.15691376	8.92609596
18770.0	242.0	12.85220718	3.17037773
18780.0	240.0	7.05501747	8.51037312
18780.0	241.0	8.1811552	8.94484234
18780.0	242.0	12.87804317	3.19486833
18790.0	240.0	7.07296038	8.52390194
18790.0	241.0	8.19834805	8.96913433
18790.0	242.0	12.89631271	3.22206759
18800.0	243.0	7.05618715	8.42737675
18800.0	244.0	8.09867477	8.82709599
18800.0	245.0	12.78518486	3.06960583
18810.0	243.0	7.05327654	8.41338062
18810.0	244.0	8.09672165	8.81537247
18810.0	245.0	12.77719975	3.06153536
18820.0	243.0	7.04244995	8.40840435
18820.0	244.0	8.09173298	8.80869865
18820.0	245.0	12.77314758	3.05680418
18830.0	243.0	7.03948164	8.39470673
18830.0	244.0	8.09714985	8.80409145
18830.0	245.0	12.77524185	3.05279565
18840.0	243.0	7.03689432	8.37800598
18840.0	244.0	8.10087967	8.81215191
18840.0	245.0	12.77256203	3.0572896
18850.0	243.0	7.0338273	8.36919785
18850.0	244.0	8.10324669	8.81908226
18850.0	245.0	12.77365589	3.06321836
18860.0	243.0	7.04290771	8.3721981
18860.0	244.0	8.10570621	8.82554054
18860.0	245.0	12.77638626	3.06979585
18870.0	243.0	7.04283237	8.38673306
18870.0	244.0	8.10658073	8.83186054
18870.0	245.0	12.78108215	3.07663274
18880.0	243.0	7.03720427	8.40534401
18880.0	244.0	8.1125145	8.83594227
18880.0	245.0	12.78399754	3.08388638
18890.0	243.0	7.0360899	8.40478706
18890.0	244.0	8.11264133	8.84244156
18890.0	245.0	12.78777599	3.0883956
18900.0	243.0	7.02965593	8.40074825
18900.0	244.0	8.11528111	8.85187626
18900.0	245.0	12.78943443	3.08654022
18910.0	243.0	7.02609348	8.40225315
18910.0	244.0	8.11971378	8.85894871
18910.0	245.0	12.79276943	3.08826399
18920.0	243.0	7.02808189	8.41404915
18920.0	244.0	8.12500763	8.86423302
18920.0	245.0	12.80188465	3.08877921
18930.0	243.0	7.0258503	8.43505192
18930.0	244.0	8.12933254	8.86867046
18930.0	245.0	12.81000328	3.09175014
18940.0	243.0	7.02125263	8.4540863
18940.0	244.0	8.13163376	8.87525272
18940.0	245.0	12.81496429	3.10597467
18950.0	243.0	7.01641893	8.47002792
18950.0	244.0	8.13168049	8.89001751
18950.0	245.0	12.81869507	3.12995648
18960.0	243.0	7.01875401	8.495574
18960.0	244.0	8.13109016	8.92206955
18960.0	245.0	12.8204155	3.17430735
18970.0	243.0	7.03541756	8.52345562
18970.0	244.0	8.14542103	8.95810699
18970.0	245.0	12.83395958	3.22772646
18980.0	243.0	7.07189465	8.54093838
18980.0	244.0	8.17948914	8.97900486
18980.0	245.0	12.87328339	3.265733
18990.0	243.0	7.104877	8.56514168
18990.0	244.0	8.20475578	9.00112629
18990.0	245.0	12.91278458	3.29969454
19000.0	246.0	7.05789471	8.43045712
19000.0	247.0	8.09568119	8.82802963
19010.0	246.0	7.05017662	8.41311455
19010.0	247.0	8.10457039	8.81143475
19020.0	246.0	7.04086828	8.39179134
19020.0	247.0	8.10236645	8.80977345
19030.0	246.0	7.03317881	8.36889362
19030.0	247.0	8.10290432	8.80551624
19040.0	246.0	7.03948832	8.36114407
19040.0	247.0	8.10192871	8.81122208
19050.0	246.0	7.0461545	8.36536121
19050.0	247.0	8.09882069	8.81822205
19060.0	246.0	7.03853655	8.38259602
19060.0	247.0	8.09953213	8.82658958
19070.0	246.0	7.03094006	8.39972305
19070.0	247.0	8.10591793	8.83152676
19080.0	246.0	7.03765106	8.39682007
19080.0	247.0	8.10961914	8.83663464
19090.0	246.0	7.02606058	8.38900375
19090.0	247.0	8.1115284	8.84169388
19100.0	246.0	7.02236176	8.38859272
19100.0	247.0	8.11545753	8.84479046
19110.0	246.0	7.02474594	8.40051746
19110.0	247.0	8.11979866	8.84818649
19120.0	246.0	7.02593708	8.41359234
19120.0	247.0	8.12381458	8.84894371
19130.0	246.0	7.02238226	8.42609501
19130.0	247.0	8.12891579	8.85160446
19140.0	246.0	7.02204847	8.42717552
19140.0	247.0	8.13611317	8.85658932
19150.0	246.0	7.02294731	8.4326458
19150.0	247.0	8.14020634	8.86399174
19160.0	246.0	7.02877378	8.44764137
19160.0	247.0	8.13477039	8.88757706
19170.0	246.0	7.03836918	8.47149467
19170.0	247.0	8.13431931	8.91802025
19180.0	246.0	7.05939627	8.48946571
19180.0	247.0	8.16554642	8.94641018
19190.0	246.0	7.07578135	8.51180649
19190.0	247.0	8.19006062	8.9756422
19200.0	248.0	7.04750919	8.42144299
19200.0	249.0	8.09661102	8.83268547
19210.0	248.0	7.04611874	8.38963223
19210.0	249.0	8.10013008	8.82174778
19220.0	248.0	7.0207324	8.35400295
19220.0	249.0	8.0880127	8.81776714
19230.0	248.0	7.0205493	8.33161545
19230.0	249.0	8.0869751	8.81412888
19240.0	248.0	7.02838898	8.33010769
19240.0	249.0	8.09122753	8.81369305
19250.0	248.0	7.02275753	8.34697723
19250.0	249.0	8.09174061	8.81962967
19260.0	248.0	7.01552773	8.36408615
19260.0	249.0	8.0963707	8.82661057
19270.0	248.0	7.02267742	8.36126614
19270.0	249.0	8.10016727	8.83100224
19280.0	248.0	7.01108742	8.35344982
19280.0	249.0	8.10207653	8.83606148
19290.0	248.0	7.00738859	8.35303879
19290.0	249.0	8.10600567	8.83915806
19300.0	248.0	7.00977278	8.36496353
19300.0	249.0	8.11034679	8.84255409
19310.0	248.0	7.01112556	8.37969398
19310.0	249.0	8.11421394	8.84507847
19320.0	248.0	7.00567007	8.39222717
19320.0	249.0	8.11697197	8.8472929
19330.0	248.0	7.00891113	8.389534
19330.0	249.0	8.12885666	8.84959126
19340.0	248.0	7.00485945	8.3937273
19340.0	249.0	8.12274742	8.85682392
19350.0	248.0	7.0022378	8.40610695
19350.0	249.0	8.11247635	8.87901688
19360.0	248.0	7.00731611	8.43980789
19360.0	249.0	8.11336708	8.91899204
19370.0	248.0	7.01374674	8.47778416
19370.0	249.0	8.12995148	8.96500397
19380.0	248.0	7.03985214	8.50283909
19380.0	249.0	8.17172146	8.99862576
19390.0	248.0	7.05976105	8.53598499
19390.0	249.0	8.20721436	9.03569126
19400.0	250.0	6.93498182	8.24480438
19400.0	251.0	8.09940052	8.82013512
19410.0	250.0	6.94784641	8.21566963
19410.0	251.0	8.0911274	8.80435371
19420.0	250.0	6.9516921	8.19385433
19420.0	251.0	8.08067703	8.79693127
19430.0	250.0	6.95526648	8.18510914
19430.0	251.0	8.08068466	8.79386616
19440.0	250.0	6.95165348	8.19309044
19440.0	251.0	8.08146191	8.79414082
19450.0	250.0	6.93510246	8.21031094
19450.0	251.0	8.08571625	8.79628468
19460.0	250.0	6.93655539	8.2131319
19460.0	251.0	8.08899689	8.80513477
19470.0	250.0	6.93006611	8.20543671
19470.0	251.0	8.09113026	8.81039047
19480.0	250.0	6.9256134	8.20415592
19480.0	251.0	8.0936842	8.81529045
19490.0	250.0	6.92921495	8.21807384
19490.0	251.0	8.09872055	8.82067966
19500.0	250.0	6.93082285	8.23331261
19500.0	251.0	8.10202694	8.82345104
19510.0	250.0	6.92677784	8.24635506
19510.0	251.0	8.10419273	8.82471943
19520.0	250.0	6.92591715	8.24669361
19520.0	251.0	8.1112833	8.82783985
19530.0	250.0	6.9257617	8.2459116
19530.0	251.0	8.11356354	8.8320694
19540.0	250.0	6.93674374	8.24603939
19540.0	251.0	8.1196003	8.8434906
19550.0	250.0	6.93308687	8.25894356
19550.0	251.0	8.11174297	8.86362934
19560.0	250.0	6.93371105	8.2840929
19560.0	251.0	8.11736202	8.88672256
19570.0	250.0	6.93722486	8.31049442
19570.0	251.0	8.12366962	8.9145813
19580.0	250.0	6.95693636	8.3328495
19580.0	251.0	8.14476204	8.93739986
19590.0	250.0	6.95639896	8.35629559
19590.0	251.0	8.14860821	8.96445179
19600.0	252.0	6.87513065	8.06416988
19600.0	253.0	8.09327412	8.83171844
19610.0	252.0	6.88722515	8.0486784
19610.0	253.0	8.09704304	8.82600498
19620.0	252.0	6.89077711	8.0464468
19620.0	253.0	8.09483528	8.82678795
19630.0	252.0	6.88946533	8.06011772
19630.0	253.0	8.09867668	8.82741833
19640.0	252.0	6.88694191	8.08022499
19640.0	253.0	8.10792828	8.83359528
19650.0	252.0	6.89439392	8.07844162
19650.0	253.0	8.11303425	8.83876419
19660.0	252.0	6.88346767	8.0664196
19660.0	253.0	8.11393642	8.84394646
19670.0	252.0	6.87916946	8.06438255
19670.0	253.0	8.11792564	8.84717083
19680.0	252.0	6.88154602	8.07689762
19680.0	253.0	8.12275791	8.85072613
19690.0	252.0	6.88105392	8.09272766
19690.0	253.0	8.12598228	8.85343647
19700.0	252.0	6.87633085	8.10613441
19700.0	253.0	8.12730885	8.85522652
19710.0	252.0	6.87709951	8.10640717
19710.0	253.0	8.13546753	8.85869312
19720.0	252.0	6.87552023	8.10468006
19720.0	253.0	8.13537502	8.8618145
19730.0	252.0	6.88250637	8.10329056
19730.0	253.0	8.14126682	8.87205696
19740.0	252.0	6.88311863	8.11208916
19740.0	253.0	8.14196873	8.88560009
19750.0	252.0	6.8820734	8.12744141
19750.0	253.0	8.14459801	8.89909649
19760.0	252.0	6.88064289	8.15011501
19760.0	253.0	8.14426994	8.92131615
19770.0	252.0	6.89426565	8.17386818
19770.0	253.0	8.1502943	8.93907642
19780.0	252.0	6.92115736	8.19072342
19780.0	253.0	8.17291451	8.95606041
19790.0	252.0	6.94695187	8.20557499
19790.0	253.0	8.2007494	8.96861935
19800.0	254.0	7.02398157	7.89473867
19800.0	255.0	8.09626389	8.82953358
19810.0	254.0	7.03205061	7.8794117
19810.0	255.0	8.09807301	8.81540585
19820.0	254.0	7.00934887	7.87660074
19820.0	255.0	8.09555244	8.8048687
19830.0	254.0	6.99469376	7.87957525
19830.0	255.0	8.10252476	8.79996204
19840.0	254.0	6.99327517	7.87033319
19840.0	255.0	8.10687923	8.80189133
19850.0	254.0	6.9841094	7.86658239
19850.0	255.0	8.11077976	8.80777168
19860.0	254.0	6.98432064	7.86717653
19860.0	255.0	8.11522484	8.81206989
19870.0	254.0	6.98746634	7.87752295
19870.0	255.0	8.12080383	8.81617832
19880.0	254.0	6.98875809	7.89415216
19880.0	255.0	8.1242094	8.81935215
19890.0	254.0	6.98366737	7.90631199
19890.0	255.0	8.12547302	8.82070065
19900.0	254.0	6.98448992	7.9066391
19900.0	255.0	8.13363552	8.82417488
19910.0	254.0	6.98270988	7.90487289
19910.0	255.0	8.13331795	8.82686806
19920.0	254.0	6.98907518	7.90425348
19920.0	255.0	8.13829899	8.83810711
19930.0	254.0	6.99273491	7.9079051
19930.0	255.0	8.14015961	8.84809113
19940.0	254.0	6.99321318	7.91898918
19940.0	255.0	8.14831734	8.85999107
19950.0	254.0	6.99599171	7.9317646
19950.0	255.0	8.14871788	8.87180901
19960.0	254.0	6.99266243	7.95400047
19960.0	255.0	8.13789082	8.88644695
19970.0	254.0	7.00118542	7.98245764
19970.0	255.0	8.14325905	8.90883827
19980.0	254.0	7.0320487	7.99841499
19980.0	255.0	8.172575	8.92599487
19990.0	254.0	7.04763842	8.01944542
19990.0	255.0	8.18284798	8.94801903
20000.0	256.0	7.07525587	7.77225637
20000.0	257.0	8.09459591	8.8315649
20010.0	256.0	7.06751633	7.76920319
20010.0	257.0	8.10293388	8.81800652
20020.0	256.0	7.05615664	7.76743793
20020.0	257.0	8.10458374	8.81121922
20030.0	256.0	7.05642605	7.75304794
20030.0	257.0	8.10550404	8.80703163
20040.0	256.0	7.05270338	7.74191713
20040.0	257.0	8.11130714	8.80626106
20050.0	256.0	7.052876	7.73449612
20050.0	257.0	8.11569691	8.80719662
20060.0	256.0	7.05321407	7.74214697
20060.0	257.0	8.1206131	8.81130219
20070.0	256.0	7.054286	7.75892782
20070.0	257.0	8.12458706	8.81451225
20080.0	256.0	7.04864836	7.77040195
20080.0	257.0	8.12522984	8.81547928
20090.0	256.0	7.04957771	7.77044058
20090.0	257.0	8.1331768	8.81932068
20100.0	256.0	7.04794788	7.76896954
20100.0	257.0	8.13291359	8.82209492
20110.0	256.0	7.05426931	7.76837635
20110.0	257.0	8.13754272	8.83279991
20120.0	256.0	7.05814552	7.77035666
20120.0	257.0	8.13933754	8.83929825
20130.0	256.0	7.05928564	7.7810626
20130.0	257.0	8.14447403	8.84718513
20140.0	256.0	7.06439877	7.79003239
20140.0	257.0	8.15069294	8.85601997
20150.0	256.0	7.05742598	7.80725908
20150.0	257.0	8.13755894	8.87102604
20160.0	256.0	7.05646706	7.83458853
20160.0	257.0	8.13086796	8.90411186
20170.0	256.0	7.06946468	7.85762739
20170.0	257.0	8.1428318	8.93386269
20180.0	256.0	7.08807039	7.87411451
20180.0	257.0	8.16156483	8.95248795
20190.0	256.0	7.10422516	7.89099693
20190.0	257.0	8.16673565	8.96949291
20200.0	258.0	7.10178041	7.81734419
20200.0	259.0	8.09462166	8.83415508
20210.0	258.0	7.08810186	7.81312656
20210.0	259.0	8.10320854	8.82302761
20220.0	258.0	7.09149551	7.8013792
20220.0	259.0	8.10577679	8.81470776
20230.0	258.0	7.08357763	7.78567314
20230.0	259.0	8.10815907	8.8104353
20240.0	258.0	7.08337831	7.77723074
20240.0	259.0	8.11475849	8.80859184
20250.0	258.0	7.08461523	7.79184341
20250.0	259.0	8.11961842	8.8126688
20260.0	258.0	7.08596563	7.80696917
20260.0	259.0	8.12356186	8.81692791
20270.0	258.0	7.07913828	7.8180275
20270.0	259.0	8.12469959	8.81831169
20280.0	258.0	7.08051157	7.81850958
20280.0	259.0	8.13280296	8.82181168
20290.0	258.0	7.07889175	7.81670952
20290.0	259.0	8.1324749	8.82450962
20300.0	258.0	7.08521128	7.81606674
20300.0	259.0	8.13710117	8.83520508
20310.0	258.0	7.08884144	7.81890059
20310.0	259.0	8.1390152	8.84431934
20320.0	258.0	7.09015942	7.82629919
20320.0	259.0	8.14816189	8.85444832
20330.0	258.0	7.09322214	7.82923269
20330.0	259.0	8.1525116	8.85967731
20340.0	258.0	7.09243011	7.83767176
20340.0	259.0	8.14947987	8.86373425
20350.0	258.0	7.08979702	7.85544062
20350.0	259.0	8.14214134	8.87308598
20360.0	258.0	7.08931637	7.88262796
20360.0	259.0	8.13385296	8.89419079
20370.0	258.0	7.09546518	7.91438341
20370.0	259.0	8.1318512	8.91471386
20380.0	258.0	7.11553288	7.92812586
20380.0	259.0	8.14576435	8.92185593
20390.0	258.0	7.12436152	7.94523001
20390.0	259.0	8.13402367	8.93606949
20400.0	260.0	-5.28989315	6.31002426
20400.0	261.0	-5.55317593	7.24213934
20410.0	260.0	-5.24221516	6.22331429
20410.0	261.0	-5.49935436	7.15785837
20420.0	260.0	-5.01688004	6.18201637
20420.0	261.0	-5.26485968	7.13680792
20430.0	260.0	-4.67377615	6.25213766
20430.0	261.0	-4.90139055	7.20571995
20440.0	260.0	-4.26967764	6.38679838
20440.0	261.0	-4.46235418	7.35257292
20450.0	260.0	-3.89485073	6.42826939
20450.0	261.0	-4.03425694	7.40118885
20460.0	260.0	-3.58526778	6.34009075
20460.0	261.0	-3.68227553	7.32732105
20470.0	260.0	-3.33565545	6.19325352
20470.0	261.0	-3.39938426	7.19639254
20480.0	260.0	-3.16884685	5.99911118
20480.0	261.0	-3.17156148	7.0272274
20490.0	260.0	-3.02588534	5.79771996
20490.0	261.0	-2.93722367	6.85598755
20500.0	260.0	-2.83540702	5.61998653
20500.0	261.0	-2.67771602	6.70597649
20510.0	260.0	-2.64411354	5.44036913
20510.0	261.0	-2.41538024	6.55095434
20520.0	260.0	-2.4071033	5.33129263
20520.0	261.0	-2.13186383	6.442523
20530.0	260.0	-2.07169437	5.24108791
20530.0	261.0	-1.7775445	6.34755373
20540.0	260.0	-1.63347101	5.18932343
20540.0	261.0	-1.3503933	6.30825043
20550.0	260.0	-1.17842102	5.13760853
20550.0	261.0	-0.89708424	6.27900124
20560.0	260.0	-0.72898865	5.08459949
20560.0	261.0	-0.43502522	6.26997423
20570.0	260.0	-0.31057072	5.00447655
20570.0	261.0	-0.01197004	6.23860741
20580.0	260.0	0.1154933	4.9097662
20580.0	261.0	0.40527058	6.19079065
20590.0	260.0	0.52204752	4.77552271
20590.0	261.0	0.81205559	6.08009243
20600.0	262.0	6.79362822	7.82742548
20600.0	263.0	12.66627121	4.88647556
20610.0	262.0	6.67118597	7.77749157
20610.0	263.0	12.43148899	4.80460119
20620.0	262.0	6.4687295	7.72639179
20620.0	263.0	12.08848476	4.71392775
20630.0	262.0	6.2377305	7.66327715
20630.0	263.0	11.69788647	4.60586166
20640.0	262.0	5.95420742	7.59622288
20640.0	263.0	11.26828766	4.50493336
20650.0	262.0	5.65992355	7.53568983
20650.0	263.0	10.83681583	4.41061687
20660.0	262.0	5.34549427	7.47886229
20660.0	263.0	10.3874836	4.32430458
20670.0	262.0	5.00777674	7.41802359
20670.0	263.0	9.93292427	4.23369551
20680.0	262.0	4.66792822	7.35726118
20680.0	263.0	9.48464584	4.14710903
20690.0	262.0	4.32751656	7.29075336
20690.0	263.0	9.03730106	4.06133413
20700.0	262.0	3.98874569	7.22847748
20700.0	263.0	8.59262085	3.9857235
20710.0	262.0	3.64108729	7.16262436
20710.0	263.0	8.15766335	3.90709066
20720.0	262.0	3.28913498	7.1034894
20720.0	263.0	7.72750998	3.83799839
20730.0	262.0	2.91086459	7.05172396
20730.0	263.0	7.29663277	3.78404117
20740.0	262.0	2.50221395	7.02668667
20740.0	263.0	6.85700178	3.76317716
20750.0	262.0	2.08348608	7.03751802
20750.0	263.0	6.42622948	3.78085661
20760.0	262.0	1.61572313	7.05786324
20760.0	263.0	6.00527334	3.80240321
20770.0	262.0	1.09849024	7.09927464
20770.0	263.0	5.56644773	3.81522846
20780.0	262.0	0.6262207	7.11096478
20780.0	263.0	5.17913723	3.77842164
20790.0	262.0	0.21624613	7.12223196
20790.0	263.0	4.84909344	3.75183058
20800.0	264.0	6.49119854	7.70355797
20800.0	265.0	11.7786541	4.5338459
20800.0	266.0	13.39216137	5.15535784
20810.0	264.0	6.35142279	7.65992689
20810.0	265.0	11.55116367	4.46585703
20810.0	266.0	13.18500614	5.08739519
20820.0	264.0	6.14979506	7.6105051
20820.0	265.0	11.22925758	4.39039946
20820.0	266.0	12.88500977	5.01475906
20830.0	264.0	5.90473318	7.55502224
20830.0	265.0	10.84879875	4.30737352
20830.0	266.0	12.52516079	4.93410969
20840.0	264.0	5.62912178	7.50388956
20840.0	265.0	10.4570837	4.23238277
20840.0	266.0	12.14255524	4.8579464
20850.0	264.0	5.33228397	7.44946289
20850.0	265.0	10.03774643	4.15655518
20850.0	266.0	11.75137901	4.78330946
20860.0	264.0	5.02003098	7.39480829
20860.0	265.0	9.61070538	4.0770607
20860.0	266.0	11.36060619	4.70954561
20870.0	264.0	4.70050955	7.33989143
20870.0	265.0	9.18486691	4.00347519
20870.0	266.0	10.97045994	4.63872194
20880.0	264.0	4.36760521	7.27932167
20880.0	265.0	8.74944496	3.92447853
20880.0	266.0	10.56928825	4.56421709
20890.0	264.0	4.01913452	7.21743965
20890.0	265.0	8.31410027	3.84670353
20890.0	266.0	10.16039085	4.485744
20900.0	264.0	3.65982485	7.15289068
20900.0	265.0	7.87210941	3.7694931
20900.0	266.0	9.73693466	4.4060297
20910.0	264.0	3.28591681	7.09798288
20910.0	265.0	7.43900013	3.70930886
20910.0	266.0	9.30251026	4.33946133
20920.0	264.0	2.89180946	7.0469141
20920.0	265.0	7.01000738	3.66844511
20920.0	266.0	8.84001064	4.28085613
20930.0	264.0	2.47323322	7.00934076
20930.0	265.0	6.57706022	3.64531851
20930.0	266.0	8.35204506	4.23428583
20940.0	264.0	2.01952457	6.98486328
20940.0	265.0	6.13817644	3.66325927
20940.0	266.0	7.83517742	4.22145987
20950.0	264.0	1.54294109	7.00343132
20950.0	265.0	5.70166588	3.71309447
20950.0	266.0	7.29849386	4.24127674
20960.0	264.0	1.02425575	7.02817726
20960.0	265.0	5.2391119	3.75281096
20960.0	266.0	6.72335815	4.25898933
20970.0	264.0	0.45508432	7.06506681
20970.0	265.0	4.75815487	3.77996874
20970.0	266.0	6.12666368	4.27011681
20980.0	264.0	-0.01395893	7.09048843
20980.0	265.0	4.37338018	3.7529161
20980.0	266.0	5.6427002	4.23880768
20990.0	264.0	-0.41812038	7.11448908
20990.0	265.0	4.04891777	3.73000908
20990.0	266.0	5.23672295	4.21800327
21000.0	267.0	6.15282965	7.72134876
21000.0	268.0	10.94055367	4.27858067
21000.0	269.0	12.64255714	5.05298615
21000.0	270.0	12.39605808	5.98915768
21010.0	267.0	6.00717211	7.66732597
21010.0	268.0	10.70931244	4.19001675
21010.0	269.0	12.43236542	4.97132969
21010.0	270.0	12.20210838	5.92259407
21020.0	267.0	5.79906082	7.60420561
21020.0	268.0	10.38996506	4.0853982
21020.0	269.0	12.13177872	4.87816525
21020.0	270.0	11.93087769	5.85137701
21030.0	267.0	5.54988289	7.53746367
21030.0	268.0	10.01948547	3.97426486
21030.0	269.0	11.78631783	4.77363777
21030.0	270.0	11.62233734	5.77026224
21040.0	267.0	5.26816893	7.47967386
21040.0	268.0	9.62719536	3.8822341
21040.0	269.0	11.41938972	4.68877745
21040.0	270.0	11.29063797	5.69864082
21050.0	267.0	4.95792484	7.41515064
21050.0	268.0	9.21355247	3.77815485
21050.0	269.0	11.0445261	4.59626436
21050.0	270.0	10.94095612	5.62443256
21060.0	267.0	4.63142776	7.35380077
21060.0	268.0	8.79338455	3.68890095
21060.0	269.0	10.65887165	4.51205826
21060.0	270.0	10.5785408	5.55651045
21070.0	267.0	4.29458809	7.29039717
21070.0	268.0	8.37329865	3.60628414
21070.0	269.0	10.27245331	4.43378735
21070.0	270.0	10.20851135	5.49085665
21080.0	267.0	3.94983268	7.23048973
21080.0	268.0	7.94880772	3.52767706
21080.0	269.0	9.8812933	4.35284853
21080.0	270.0	9.82327938	5.41166735
21090.0	267.0	3.59965372	7.16702652
21090.0	268.0	7.52807999	3.4484911
21090.0	269.0	9.47833443	4.26717854
21090.0	270.0	9.41069984	5.32670641
21100.0	267.0	3.24004459	7.10411739
21100.0	268.0	7.10678816	3.37479615
21100.0	269.0	9.06579113	4.18228769
21100.0	270.0	8.96661854	5.23547649
21110.0	267.0	2.88344479	7.0478487
21110.0	268.0	6.70239544	3.31243801
21110.0	269.0	8.6424427	4.09992123
21110.0	270.0	8.52103424	5.15123987
21120.0	267.0	2.52281165	6.98941135
21120.0	268.0	6.29598188	3.26405692
21120.0	269.0	8.19920826	4.02574062
21120.0	270.0	8.04665565	5.07011652
21130.0	267.0	2.13657427	6.94830561
21130.0	268.0	5.88752317	3.25149345
21130.0	269.0	7.73496628	3.98018026
21130.0	270.0	7.55022573	5.02452946
21140.0	267.0	1.72407818	6.9227581
21140.0	268.0	5.47024012	3.25947046
21140.0	269.0	7.24046803	3.95565796
21140.0	270.0	7.02555513	5.00465298
21150.0	267.0	1.28926468	6.93711662
21150.0	268.0	5.04404163	3.30466747
21150.0	269.0	6.72742558	3.97855568
21150.0	270.0	6.48282099	5.0252285
21160.0	267.0	0.81460714	6.96947765
21160.0	268.0	4.60302305	3.36535215
21160.0	269.0	6.18217421	4.01562405
21160.0	270.0	5.91736364	5.057302
21170.0	267.0	0.29815054	7.01564169
21170.0	268.0	4.16640806	3.41404629
21170.0	269.0	5.63561249	4.04555273
21170.0	270.0	5.34909725	5.07372952
21180.0	267.0	-0.15675735	7.02304983
21180.0	268.0	3.79390526	3.38097239
21180.0	269.0	5.16560793	4.00212526
21180.0	270.0	4.86095858	5.0216136
21190.0	267.0	-0.54848146	7.04635048
21190.0	268.0	3.4788928	3.36260176
21190.0	269.0	4.77161217	3.98220253
21190.0	270.0	4.46131754	4.99571943
21200.0	271.0	5.78467655	7.70286131
21200.0	272.0	11.82303524	4.80508804
21200.0	273.0	11.48058224	5.98359776
21210.0	271.0	5.65856266	7.66699839
21210.0	272.0	11.64500523	4.74948597
21210.0	273.0	11.31778431	5.92328453
21220.0	271.0	5.47416973	7.6286664
21220.0	272.0	11.39756203	4.69464302
21220.0	273.0	11.08158302	5.8618679
21230.0	271.0	5.24959183	7.57703447
21230.0	272.0	11.08734894	4.62295485
21230.0	273.0	10.79632664	5.79082155
21240.0	271.0	4.97756958	7.52531004
21240.0	272.0	10.74167061	4.55152988
21240.0	273.0	10.47306061	5.71708965
21250.0	271.0	4.68109703	7.47063065
21250.0	272.0	10.38792515	4.47207594
21250.0	273.0	10.13284874	5.64279222
21260.0	271.0	4.36153126	7.40727758
21260.0	272.0	10.01298618	4.39381552
21260.0	273.0	9.77566338	5.56816292
21270.0	271.0	4.02621937	7.34068441
21270.0	272.0	9.62310982	4.31479168
21270.0	273.0	9.39175701	5.4861021
21280.0	271.0	3.67922831	7.27389908
21280.0	272.0	9.2134428	4.23215866
21280.0	273.0	8.97258949	5.39724827
21290.0	271.0	3.33254337	7.2058897
21290.0	272.0	8.80376244	4.14789963
21290.0	273.0	8.54376221	5.30147934
21300.0	271.0	2.98097086	7.139081
21300.0	272.0	8.38834858	4.06462049
21300.0	273.0	8.10728455	5.20337009
21310.0	271.0	2.6193397	7.07683516
21310.0	272.0	7.96025658	3.99106407
21310.0	273.0	7.64662218	5.11507082
21320.0	271.0	2.26665449	7.02422619
21320.0	272.0	7.53960323	3.9281435
21320.0	273.0	7.19756365	5.04495287
21330.0	271.0	1.88247538	6.98260689
21330.0	272.0	7.09777641	3.88524318
21330.0	273.0	6.72879791	5.00146294
21340.0	271.0	1.44279385	6.97339058
21340.0	272.0	6.60584641	3.88616276
21340.0	273.0	6.20419455	5.00045967
21350.0	271.0	1.0000329	7.01311779
21350.0	272.0	6.13072824	3.95130301
21350.0	273.0	5.72104502	5.06999159
21360.0	271.0	0.48889685	7.05250597
21360.0	272.0	5.61957693	4.00181675
21360.0	273.0	5.2078948	5.11134577
21370.0	271.0	-0.06654119	7.11184216
21370.0	272.0	5.09905338	4.04703474
21370.0	273.0	4.66728497	5.14506054
21380.0	271.0	-0.57969904	7.13773394
21380.0	272.0	4.65820456	4.03508472
21380.0	273.0	4.21489525	5.12362719
21390.0	271.0	-1.04098129	7.17258072
21390.0	272.0	4.2782917	4.03727865
21390.0	273.0	3.8311801	5.12037992
21400.0	274.0	-4.39953804	7.85086203
21400.0	275.0	-3.15852141	5.30298328
21400.0	276.0	-3.44318128	4.30329847
21410.0	274.0	-4.42325735	7.83783817
21410.0	275.0	-2.84886742	5.29374599
21410.0	276.0	-3.13127828	4.30420971
21420.0	274.0	-4.44841242	7.81434917
21420.0	275.0	-2.46973801	5.32851028
21420.0	276.0	-2.7300868	4.3738842
21430.0	274.0	-4.47092676	7.78192472
21430.0	275.0	-2.08468246	5.45563221
21430.0	276.0	-2.32104206	4.53782558
21440.0	274.0	-4.49046421	7.75612783
21440.0	275.0	-1.65398741	5.57919455
21440.0	276.0	-1.87517536	4.69873333
21450.0	274.0	-4.49948406	7.74204397
21450.0	275.0	-1.22237337	5.64608335
21450.0	276.0	-1.43390775	4.78943396
21460.0	274.0	-4.5103097	7.73858404
21460.0	275.0	-0.81141114	5.65092134
21460.0	276.0	-1.03797507	4.81387234
21470.0	274.0	-4.51509666	7.74445438
21470.0	275.0	-0.40367794	5.63568258
21470.0	276.0	-0.64054227	4.80835581
21480.0	274.0	-4.51812744	7.7494936
21480.0	275.0	-0.00016809	5.60797787
21480.0	276.0	-0.23739433	4.7744627
21490.0	274.0	-4.51655817	7.75242472
21490.0	275.0	0.40632129	5.57309151
21490.0	276.0	0.16427541	4.73720312
21500.0	274.0	-4.51520777	7.75680733
21500.0	275.0	0.81891894	5.54702234
21500.0	276.0	0.568995	4.70258904
21510.0	274.0	-4.51813602	7.75879383
21510.0	275.0	1.21705174	5.5286088
21510.0	276.0	0.96098804	4.66445827
21520.0	274.0	-4.52810335	7.75710297
21520.0	275.0	1.58604455	5.51426983
21520.0	276.0	1.35168791	4.64814949
21530.0	274.0	-4.53408146	7.74796343
21530.0	275.0	1.9666841	5.49056578
21530.0	276.0	1.77487278	4.6422472
21540.0	274.0	-4.54796124	7.74232674
21540.0	275.0	2.3815186	5.47399044
21540.0	276.0	2.21119213	4.65000391
21550.0	274.0	-4.57604694	7.74841547
21550.0	275.0	2.80938601	5.46073771
21550.0	276.0	2.64883804	4.6555047
21560.0	274.0	-4.61623526	7.77056932
21560.0	275.0	3.24733996	5.41339827
21560.0	276.0	3.08151197	4.6303215
21570.0	274.0	-4.65559912	7.81682158
21570.0	275.0	3.6370337	5.31588411
21570.0	276.0	3.46340084	4.55731964
21580.0	274.0	-4.65608311	7.8593359
21580.0	275.0	3.99034095	5.20886803
21580.0	276.0	3.83835793	4.47292805
21590.0	274.0	-4.68284893	7.89919138
21590.0	275.0	4.30696678	5.10844994
21590.0	276.0	4.17102289	4.37576246
21600.0	277.0	-4.66373444	7.73037958
21600.0	278.0	-2.15269065	5.19545221
21600.0	279.0	-2.53654575	4.25585508
21610.0	277.0	-4.65814686	7.71443272
21610.0	278.0	-1.85794711	5.1919446
21610.0	279.0	-2.23270559	4.26933098
21620.0	277.0	-4.66570711	7.69158506
21620.0	278.0	-1.46146286	5.24689674
21620.0	279.0	-1.84509313	4.36837006
21630.0	277.0	-4.67980433	7.66991472
21630.0	278.0	-1.04424131	5.40030861
21630.0	279.0	-1.43406522	4.56172037
21640.0	277.0	-4.68297243	7.65393782
21640.0	278.0	-0.57938695	5.55331945
21640.0	279.0	-0.98699617	4.73829651
21650.0	277.0	-4.69181633	7.64960289
21650.0	278.0	-0.12807453	5.62299013
21650.0	279.0	-0.56356966	4.82582426
21660.0	277.0	-4.69341278	7.65030336
21660.0	278.0	0.29644728	5.6157856
21660.0	279.0	-0.16698313	4.82519627
21670.0	277.0	-4.69611311	7.65205193
21670.0	278.0	0.70571733	5.58668375
21670.0	279.0	0.23567629	4.78919172
21680.0	277.0	-4.69379997	7.65450573
21680.0	278.0	1.1153214	5.54954195
21680.0	279.0	0.63421607	4.74684811
21690.0	277.0	-4.69239521	7.65763283
21690.0	278.0	1.51870155	5.51545954
21690.0	279.0	1.03550029	4.70809269
21700.0	277.0	-4.69497681	7.66056395
21700.0	278.0	1.90916443	5.4745779
21700.0	279.0	1.42484856	4.66383266
21710.0	277.0	-4.70781851	7.66153383
21710.0	278.0	2.30006242	5.4449296
21710.0	279.0	1.81999731	4.64352942
21720.0	277.0	-4.71391249	7.65884686
21720.0	278.0	2.70554757	5.41022015
21720.0	279.0	2.24058628	4.63268757
21730.0	277.0	-4.72155476	7.6482687
21730.0	278.0	3.11447358	5.38320446
21730.0	279.0	2.65782213	4.62973118
21740.0	277.0	-4.73463154	7.64133215
21740.0	278.0	3.54138398	5.36398554
21740.0	279.0	3.08926964	4.62410736
21750.0	277.0	-4.77265072	7.66167593
21750.0	278.0	3.93219495	5.31853056
21750.0	279.0	3.51578617	4.5827899
21760.0	277.0	-4.80160189	7.68788671
21760.0	278.0	4.29007339	5.22133875
21760.0	279.0	3.89837599	4.49806643
21770.0	277.0	-4.7770834	7.73281765
21770.0	278.0	4.69206524	5.09642172
21770.0	279.0	4.29144573	4.37401152
21780.0	277.0	-4.68194723	7.80211878
21780.0	278.0	5.06958675	4.97850132
21780.0	279.0	4.69456673	4.25017405
21790.0	277.0	-4.57587576	7.85128832
21790.0	278.0	5.30496407	4.87012863
21790.0	279.0	5.04022169	4.10546827
21800.0	280.0	-4.8259182	7.77327013
21800.0	281.0	-1.31974435	5.3026638
21800.0	282.0	-1.56511724	4.26509619
21810.0	280.0	-4.81156015	7.74522972
21810.0	281.0	-0.99636161	5.27883911
21810.0	282.0	-1.25476837	4.25764084
21820.0	280.0	-4.81016493	7.71999168
21820.0	281.0	-0.5732367	5.30833483
21820.0	282.0	-0.85398853	4.31389189
21830.0	280.0	-4.81280565	7.69744444
21830.0	281.0	-0.13345313	5.41762686
21830.0	282.0	-0.44081068	4.47291327
21840.0	280.0	-4.82087612	7.68823528
21840.0	281.0	0.32409585	5.51857042
21840.0	282.0	0.00339615	4.63427496
21850.0	280.0	-4.82457113	7.6898036
21850.0	281.0	0.77311754	5.54991722
21850.0	282.0	0.44605768	4.70649529
21860.0	280.0	-4.82915115	7.69186401
21860.0	281.0	1.19424844	5.53658962
21860.0	282.0	0.87051082	4.69771481
21870.0	280.0	-4.82803631	7.69403648
21870.0	281.0	1.61091614	5.50558186
21870.0	282.0	1.28052735	4.66570807
21880.0	280.0	-4.82645464	7.69976377
21880.0	281.0	2.01669598	5.4727354
21880.0	282.0	1.68632722	4.62998056
21890.0	280.0	-4.82812214	7.70267391
21890.0	281.0	2.40829229	5.4317565
21890.0	282.0	2.07705569	4.58580208
21900.0	280.0	-4.83942699	7.70041513
21900.0	281.0	2.79880881	5.39755011
21900.0	282.0	2.47199917	4.56478977
21910.0	280.0	-4.84711599	7.69671535
21910.0	281.0	3.19464898	5.35369778
21910.0	282.0	2.88608241	4.55285597
21920.0	280.0	-4.84568691	7.68219805
21920.0	281.0	3.59075904	5.31710625
21920.0	282.0	3.29263759	4.54974174
21930.0	280.0	-4.85819197	7.65638876
21930.0	281.0	3.9918406	5.26212454
21930.0	282.0	3.70708489	4.54124022
21940.0	280.0	-4.91405773	7.64836359
21940.0	281.0	4.36106586	5.18535995
21940.0	282.0	4.11143875	4.50667715
21950.0	280.0	-4.97990799	7.68076563
21950.0	281.0	4.72417355	5.08723068
21950.0	282.0	4.48729801	4.45296717
21960.0	280.0	-4.92491293	7.76859522
21960.0	281.0	5.15791225	4.96079826
21960.0	282.0	4.88055897	4.37664127
21970.0	280.0	-4.70963383	7.89465904
21970.0	281.0	5.53105354	4.82591057
21970.0	282.0	5.27602005	4.26669836
21980.0	280.0	-4.41221237	8.06650734
21980.0	281.0	5.79080486	4.70711994
21980.0	282.0	5.64852333	4.15346766
21990.0	280.0	-4.09298325	8.14588928
21990.0	281.0	5.88671303	4.63808155
21990.0	282.0	5.9527235	4.0388689
22000.0	283.0	-4.82900381	7.81536579
22000.0	284.0	-0.49387091	5.22463942
22000.0	285.0	-0.47788426	4.31957054
22010.0	283.0	-4.82067776	7.78969049
22010.0	284.0	-0.18357515	5.19723034
22010.0	285.0	-0.17961785	4.31449127
22020.0	283.0	-4.81622648	7.76334238
22020.0	284.0	0.236467	5.21622086
22020.0	285.0	0.23114616	4.35924244
22030.0	283.0	-4.81874132	7.74315119
22030.0	284.0	0.66633326	5.33110428
22030.0	285.0	0.66155344	4.50362396
22040.0	283.0	-4.818645	7.74094248
22040.0	284.0	1.13318324	5.44330359
22040.0	285.0	1.12478542	4.63630867
22050.0	283.0	-4.82082748	7.74240446
22050.0	284.0	1.58495712	5.48635197
22050.0	285.0	1.57911348	4.68951368
22060.0	283.0	-4.81773901	7.73960686
22060.0	284.0	2.01896477	5.47205305
22060.0	285.0	2.01525021	4.67007542
22070.0	283.0	-4.81780195	7.74045992
22070.0	284.0	2.4342885	5.44324636
22070.0	285.0	2.43294334	4.63139963
22080.0	283.0	-4.82004452	7.74198151
22080.0	284.0	2.83058524	5.403615
22080.0	285.0	2.83151412	4.58901167
22090.0	283.0	-4.83067274	7.73897791
22090.0	284.0	3.22059083	5.36682749
22090.0	285.0	3.23215032	4.56826735
22100.0	283.0	-4.83794165	7.730196
22100.0	284.0	3.62271261	5.32266617
22100.0	285.0	3.64984155	4.56167126
22110.0	283.0	-4.83822346	7.72065544
22110.0	284.0	4.02629089	5.29027367
22110.0	285.0	4.0573225	4.56818533
22120.0	283.0	-4.8392663	7.70994616
22120.0	284.0	4.41425657	5.2452879
22120.0	285.0	4.46474361	4.5677886
22130.0	283.0	-4.87744713	7.70540619
22130.0	284.0	4.73849154	5.15965462
22130.0	285.0	4.85321474	4.53718233
22140.0	283.0	-4.93383741	7.72235441
22140.0	284.0	5.06792355	5.05286407
22140.0	285.0	5.22554398	4.48960018
22150.0	283.0	-4.95071077	7.78692484
22150.0	284.0	5.483006	4.91237783
22150.0	285.0	5.61487341	4.4195137
22160.0	283.0	-4.81299734	7.87468433
22160.0	284.0	5.82208729	4.78418064
22160.0	285.0	5.99595976	4.31814718
22170.0	283.0	-4.49952126	8.01133919
22170.0	284.0	6.00505304	4.68738747
22170.0	285.0	6.33673286	4.19851208
22180.0	283.0	-4.12114859	8.16526794
22180.0	284.0	6.02951097	4.6387825
22180.0	285.0	6.6362524	4.09014606
22190.0	283.0	-3.74887109	8.21302414
22190.0	284.0	5.98180294	4.62981939
22190.0	285.0	6.83850813	4.00884819
22200.0	286.0	0.44326961	5.2594018
22200.0	287.0	0.46687162	4.35201597
22210.0	286.0	0.45879173	5.22181797
22210.0	287.0	0.46226883	4.30416012
22220.0	286.0	0.47901028	5.17734432
22220.0	287.0	0.46012253	4.2561965
22230.0	286.0	0.48449579	5.14825964
22230.0	287.0	0.43798387	4.22467518
22240.0	286.0	0.4990547	5.15163612
22240.0	287.0	0.42146498	4.22478104
22250.0	286.0	0.51657426	5.15353775
22250.0	287.0	0.40393984	4.22638273
22260.0	286.0	0.53202659	5.15641022
22260.0	287.0	0.38344657	4.23174715
22270.0	286.0	0.53714406	5.15501165
22270.0	287.0	0.35405195	4.22919321
22280.0	286.0	0.53571671	5.14949226
22280.0	287.0	0.32102028	4.23264313
22290.0	286.0	0.53813136	5.14221382
22290.0	287.0	0.30977318	4.2410512
22300.0	286.0	0.54063326	5.13426971
22300.0	287.0	0.31376785	4.25515079
22310.0	286.0	0.54506552	5.1305027
22310.0	287.0	0.31598288	4.26342058
22320.0	286.0	0.55524725	5.16567516
22320.0	287.0	0.30778441	4.26847839
22330.0	286.0	0.59607875	5.21602106
22330.0	287.0	0.31361616	4.26841259
22340.0	286.0	0.51201183	5.24138212
22340.0	287.0	0.30855423	4.27159405
22350.0	286.0	0.30556616	5.31750298
22350.0	287.0	0.28929448	4.29676437
22360.0	286.0	0.03271458	5.51505947
22360.0	287.0	0.29312867	4.33521509
22370.0	286.0	-0.32771057	5.61206913
22370.0	287.0	0.32193154	4.38581991
22380.0	286.0	-0.64189106	5.67446089
22380.0	287.0	0.37669295	4.43126059
22390.0	286.0	-0.92380458	5.69241428
22390.0	287.0	0.42699373	4.46007013
22400.0	288.0	1.33839107	5.31968164
22400.0	289.0	1.35990655	4.46271706
22410.0	288.0	1.34832597	5.28050327
22410.0	289.0	1.35574639	4.41868496
22420.0	288.0	1.35328639	5.23652172
22420.0	289.0	1.33446205	4.37175465
22430.0	288.0	1.37003469	5.21808958
22430.0	289.0	1.32132077	4.34459543
22440.0	288.0	1.38246179	5.21276236
22440.0	289.0	1.30251503	4.33857536
22450.0	288.0	1.39373517	5.22176886
22450.0	289.0	1.28049564	4.34998798
22460.0	288.0	1.40129733	5.22747517
22460.0	289.0	1.25266302	4.356071
22470.0	288.0	1.40533423	5.2231884
22470.0	289.0	1.22371542	4.35950184
22480.0	288.0	1.40675735	5.21512651
22480.0	289.0	1.21221113	4.3660903
22490.0	288.0	1.40767729	5.20765781
22490.0	289.0	1.21616292	4.38057041
22500.0	288.0	1.41200447	5.20376205
22500.0	289.0	1.21816719	4.38872671
22510.0	288.0	1.42264295	5.23877668
22510.0	289.0	1.20870411	4.39439297
22520.0	288.0	1.46559775	5.28902292
22520.0	289.0	1.21611905	4.39684582
22530.0	288.0	1.38871121	5.30081272
22530.0	289.0	1.22048914	4.394382
22540.0	288.0	1.19511294	5.35569429
22540.0	289.0	1.21569693	4.40023279
22550.0	288.0	0.93544424	5.5066638
22550.0	289.0	1.22172606	4.41516733
22560.0	288.0	0.59441495	5.57267141
22560.0	289.0	1.228863	4.44530344
22570.0	288.0	0.24982297	5.6376214
22570.0	289.0	1.24211955	4.48378992
22580.0	288.0	-0.05673325	5.62358141
22580.0	289.0	1.26843631	4.48858404
22590.0	288.0	-0.31662261	5.64670277
22590.0	289.0	1.27075255	4.52072668
22600.0	290.0	2.28031731	5.24183846
22600.0	291.0	2.23306274	4.46244526
22610.0	290.0	2.28365827	5.1960721
22610.0	291.0	2.21759462	4.41075945
22620.0	290.0	2.28897548	5.15216255
22620.0	291.0	2.20072079	4.36578512
22630.0	290.0	2.29432845	5.13361835
22630.0	291.0	2.17484665	4.3487134
22640.0	290.0	2.30680585	5.14296865
22640.0	291.0	2.15467453	4.36196518
22650.0	290.0	2.31348491	5.15248013
22650.0	291.0	2.12933278	4.37345505
22660.0	290.0	2.31806445	5.14810753
22660.0	291.0	2.10431814	4.37583637
22670.0	290.0	2.31921148	5.13997984
22670.0	291.0	2.09218669	4.38162184
22680.0	290.0	2.3185041	5.13286495
22680.0	291.0	2.09475279	4.3968544
22690.0	290.0	2.32205319	5.12997866
22690.0	291.0	2.0973587	4.40640068
22700.0	290.0	2.3330512	5.16522312
22700.0	291.0	2.08853507	4.41269445
22710.0	290.0	2.37781596	5.21390629
22710.0	291.0	2.09612346	4.41511536
22720.0	290.0	2.30148959	5.22864485
22720.0	291.0	2.10201907	4.41279936
22730.0	290.0	2.12090302	5.28429985
22730.0	291.0	2.09883165	4.41583729
22740.0	290.0	1.8736645	5.41407156
22740.0	291.0	2.10895228	4.42187357
22750.0	290.0	1.52891457	5.45781612
22750.0	291.0	2.10921621	4.43408966
22760.0	290.0	1.19004071	5.51803398
22760.0	291.0	2.11306572	4.46722984
22770.0	290.0	0.84596288	5.51078987
22770.0	291.0	2.10727835	4.48865604
22780.0	290.0	0.603333	5.51676893
22780.0	291.0	2.11860728	4.5123148
22790.0	290.0	0.30180001	5.50098848
22790.0	291.0	2.09310865	4.52420282
22800.0	292.0	3.18254757	5.17396116
22800.0	293.0	3.04923511	4.37952566
22810.0	292.0	3.19144821	5.1309166
22810.0	293.0	3.03937173	4.32841682
22820.0	292.0	3.19935703	5.08928442
22820.0	293.0	3.02454686	4.29073858
22830.0	292.0	3.21447062	5.07085466
22830.0	293.0	3.01174712	4.27311277
22840.0	292.0	3.21421218	5.07528067
22840.0	293.0	2.9843483	4.27623034
22850.0	292.0	3.21625876	5.07544231
22850.0	293.0	2.95806313	4.27789307
22860.0	292.0	3.22069693	5.0731535
22860.0	293.0	2.94637823	4.28814459
22870.0	292.0	3.22269058	5.06782389
22870.0	293.0	2.95142341	4.30566597
22880.0	292.0	3.22708631	5.06547689
22880.0	293.0	2.95509195	4.31565619
22890.0	292.0	3.23875189	5.10093403
22890.0	293.0	2.9477129	4.32192039
22900.0	292.0	3.28373742	5.14978504
22900.0	293.0	2.9556458	4.32448435
22910.0	292.0	3.2075572	5.16085911
22910.0	293.0	2.96207023	4.32308817
22920.0	292.0	3.0144341	5.21848249
22920.0	293.0	2.96083164	4.32813787
22930.0	292.0	2.75801396	5.36522675
22930.0	293.0	2.96080589	4.34526014
22940.0	292.0	2.39250708	5.41918516
22940.0	293.0	2.9701333	4.35900164
22950.0	292.0	1.94858718	5.46276951
22950.0	293.0	2.93995118	4.36840248
22960.0	292.0	1.46334577	5.48748589
22960.0	293.0	2.81951261	4.37645054
22970.0	292.0	1.01751614	5.61200142
22970.0	293.0	2.68990541	4.49204302
22980.0	292.0	0.58786917	5.65255499
22980.0	293.0	2.57026815	4.54277992
22990.0	292.0	0.19099379	5.66787863
22990.0	293.0	2.41217899	4.56570292
23000.0	294.0	4.09415102	5.14728069
23000.0	295.0	3.87844968	4.25227976
23010.0	294.0	4.11809874	5.1236558
23010.0	295.0	3.89059854	4.22959232
23020.0	294.0	4.13243771	5.08487082
23020.0	295.0	3.89005232	4.1937499
23030.0	294.0	4.1396637	5.07542849
23030.0	295.0	3.87081695	4.17359161
23040.0	294.0	4.14589262	5.06968403
23040.0	295.0	3.84988713	4.1680584
23050.0	294.0	4.14796782	5.06802368
23050.0	295.0	3.83894229	4.17662096
23060.0	294.0	4.15413713	5.06063318
23060.0	295.0	3.84748507	4.19297409
23070.0	294.0	4.16094065	5.05655479
23070.0	295.0	3.85251331	4.20114279
23080.0	294.0	4.17339516	5.09229279
23080.0	295.0	3.84595227	4.20740128
23090.0	294.0	4.21911001	5.14083052
23090.0	295.0	3.854388	4.20991135
23100.0	294.0	4.14320135	5.14984512
23100.0	295.0	3.86105275	4.20872736
23110.0	294.0	3.94903469	5.20634699
23110.0	295.0	3.85794115	4.21388054
23120.0	294.0	3.69526839	5.35066891
23120.0	295.0	3.85505295	4.22914314
23130.0	294.0	3.33904839	5.39752865
23130.0	295.0	3.86788344	4.24141455
23140.0	294.0	2.89893508	5.42292786
23140.0	295.0	3.82354331	4.23395538
23150.0	294.0	2.39320636	5.4374423
23150.0	295.0	3.63981366	4.24070024
23160.0	294.0	1.93319511	5.5860033
23160.0	295.0	3.45219254	4.39711571
23170.0	294.0	1.47709465	5.6399312
23170.0	295.0	3.26718998	4.47819996
23180.0	294.0	1.0194397	5.65946865
23180.0	295.0	3.018538	4.50310707
23190.0	294.0	0.56520844	5.65519905
23190.0	295.0	2.70952511	4.52218533
23200.0	296.0	5.02033424	5.0760746
23200.0	297.0	4.68880272	4.09006977
23210.0	296.0	5.03939295	5.04827499
23210.0	297.0	4.6850338	4.0602684
23220.0	296.0	5.04530907	5.01603889
23220.0	297.0	4.65411282	4.02393866
23230.0	296.0	5.04862833	4.99484777
23230.0	297.0	4.62724781	4.00229073
23240.0	296.0	5.04711103	4.98468971
23240.0	297.0	4.6103344	4.00752687
23250.0	296.0	5.04807425	4.97508335
23250.0	297.0	4.61389112	4.0255127
23260.0	296.0	5.05432653	4.96738005
23260.0	297.0	4.61824083	4.03050756
23270.0	296.0	5.06958818	5.00485086
23270.0	297.0	4.61180687	4.03637218
23280.0	296.0	5.11823034	5.05350065
23280.0	297.0	4.62005615	4.03877115
23290.0	296.0	5.04212236	5.06209564
23290.0	297.0	4.62719202	4.03855228
23300.0	296.0	4.8468504	5.11695337
23300.0	297.0	4.62346506	4.04367018
23310.0	296.0	4.59114313	5.26094055
23310.0	297.0	4.61718464	4.0567627
23320.0	296.0	4.23327303	5.30306959
23320.0	297.0	4.62568617	4.06596422
23330.0	296.0	3.78894711	5.31896591
23330.0	297.0	4.57091379	4.05871439
23340.0	296.0	3.25342798	5.31207418
23340.0	297.0	4.35975027	4.05317497
23350.0	296.0	2.74658632	5.45065308
23350.0	297.0	4.10620975	4.19594431
23360.0	296.0	2.21310687	5.52130842
23360.0	297.0	3.83122849	4.29139233
23370.0	296.0	1.66422176	5.57043409
23370.0	297.0	3.48535037	4.34647179
23380.0	296.0	1.14884758	5.55840826
23380.0	297.0	3.12337422	4.3534441
23390.0	296.0	0.70791578	5.54376078
23390.0	297.0	2.77493119	4.3547368
23400.0	298.0	6.00990677	5.01955366
23400.0	299.0	5.5305109	4.12218523
23410.0	298.0	6.0092001	4.97116232
23410.0	299.0	5.50988007	4.07300091
23420.0	298.0	6.01081848	4.92883444
23420.0	299.0	5.48256683	4.03610325
23430.0	298.0	6.01677227	4.90353918
23430.0	299.0	5.4698	4.02176142
23440.0	298.0	6.01403809	4.89791441
23440.0	299.0	5.46525621	4.02565479
23450.0	298.0	6.02830267	4.90754461
23450.0	299.0	5.47765732	4.04515266
23460.0	298.0	6.03520775	4.93864012
23460.0	299.0	5.46652222	4.04762268
23470.0	298.0	6.07566357	4.99435759
23470.0	299.0	5.47145939	4.06284046
23480.0	298.0	6.00091887	5.00261593
23480.0	299.0	5.47658014	4.06235027
23490.0	298.0	5.80698538	5.05428362
23490.0	299.0	5.47465563	4.05866146
23500.0	298.0	5.56111479	5.18877983
23500.0	299.0	5.47345734	4.06559229
23510.0	298.0	5.22143793	5.21832418
23510.0	299.0	5.48619509	4.0645113
23520.0	298.0	4.8215642	5.22006989
23520.0	299.0	5.46967077	4.0509944
23530.0	298.0	4.40946102	5.1981945
23530.0	299.0	5.34354925	4.03570175
23540.0	298.0	4.01784039	5.26553297
23540.0	299.0	5.14458609	4.14731359
23550.0	298.0	3.60915947	5.30614614
23550.0	299.0	4.90058184	4.22964811
23560.0	298.0	3.18545866	5.32196856
23560.0	299.0	4.50427532	4.2590642
23570.0	298.0	2.76707268	5.33111763
23570.0	299.0	4.05447149	4.31046581
23580.0	298.0	2.47084117	5.34499598
23580.0	299.0	3.66258454	4.3263669
23590.0	298.0	2.30482626	5.36606026
23590.0	299.0	3.39742851	4.33430958
23600.0	300.0	6.99669933	5.00445604
23600.0	301.0	6.34307003	4.17104149
23610.0	300.0	7.0033884	4.95963955
23610.0	301.0	6.31879663	4.14135647
23620.0	300.0	7.02564716	4.9207015
23620.0	301.0	6.30645418	4.11935043
23630.0	300.0	7.02548981	4.8897872
23630.0	301.0	6.30599928	4.11228848
23640.0	300.0	7.027215	4.87685966
23640.0	301.0	6.31181097	4.10895586
23650.0	300.0	7.04705477	4.91621351
23650.0	301.0	6.30491066	4.1136241
23660.0	300.0	7.09473372	4.95949221
23660.0	301.0	6.31064177	4.11192179
23670.0	300.0	7.0207448	4.96755409
23670.0	301.0	6.31477594	4.11167431
23680.0	300.0	6.82806349	5.02073193
23680.0	301.0	6.3117795	4.10979319
23690.0	300.0	6.58221102	5.15261936
23690.0	301.0	6.31019115	4.10915422
23700.0	300.0	6.24767876	5.18149281
23700.0	301.0	6.31895399	4.09869385
23710.0	300.0	5.88998032	5.19135141
23710.0	301.0	6.3203721	4.10813808
23720.0	300.0	5.56551743	5.13864374
23720.0	301.0	6.32358551	4.10780191
23730.0	300.0	5.28319597	5.05648899
23730.0	301.0	6.29001141	4.10314989
23740.0	300.0	4.89042521	4.95456076
23740.0	301.0	6.0768609	4.10622025
23750.0	300.0	4.6328702	4.85865879
23750.0	301.0	5.73550892	4.03236055
23760.0	300.0	4.3701973	4.78499603
23760.0	301.0	5.44791269	4.06803608
23770.0	300.0	4.36405945	4.88626909
23770.0	301.0	5.57924795	4.14920378
23780.0	300.0	4.6627512	5.10577488
23780.0	301.0	6.02104807	4.45107841
23790.0	300.0	4.91010475	5.33479977
23790.0	301.0	6.43364477	4.6457181
23800.0	302.0	-2.50923872	6.51989412
23800.0	303.0	-1.71806419	5.46024418
23810.0	302.0	-2.41320562	6.39765167
23810.0	303.0	-1.66198373	5.36033487
23820.0	302.0	-2.2302537	6.48511314
23820.0	303.0	-1.5052799	5.4454174
23830.0	302.0	-1.94327283	6.82159281
23830.0	303.0	-1.28170955	5.75824785
23840.0	302.0	-1.52763581	7.27980614
23840.0	303.0	-0.93961358	6.16748905
23850.0	302.0	-1.06293929	7.61459303
23850.0	303.0	-0.60965228	6.46097469
23860.0	302.0	-0.59507406	7.72581387
23860.0	303.0	-0.25361502	6.52425718
23870.0	302.0	-0.26239395	7.57469034
23870.0	303.0	-0.00026667	6.36433315
23880.0	302.0	-0.10399413	7.27263498
23880.0	303.0	0.12221217	6.07412577
23890.0	302.0	-0.13870907	6.83040953
23890.0	303.0	0.04017746	5.63657475
23900.0	302.0	-0.30170202	6.28600359
23900.0	303.0	-0.17817235	5.05726385
23910.0	302.0	-0.41701639	5.73543644
23910.0	303.0	-0.32918012	4.49194813
23920.0	302.0	-0.38731647	5.29080057
23920.0	303.0	-0.28870833	4.03757763
23930.0	302.0	-0.10642266	5.01285267
23930.0	303.0	0.0247196	3.80252194
23940.0	302.0	0.30319238	4.86758614
23940.0	303.0	0.4649955	3.71931171
23950.0	302.0	0.70573306	4.73457146
23950.0	303.0	0.95568287	3.69474936
23960.0	302.0	1.10064983	4.58668995
23960.0	303.0	1.43598831	3.67002392
23970.0	302.0	1.48564267	4.40424252
23970.0	303.0	1.85648048	3.58011627
23980.0	302.0	1.81959414	4.25880146
23980.0	303.0	2.260077	3.49901748
23990.0	302.0	2.10113215	4.12551928
23990.0	303.0	2.61668539	3.37414598
