38400.0	631.0	3.78106999	-4.48894596
38400.0	632.0	3.12537169	-4.53476
38410.0	631.0	3.63145232	-4.44899893
38410.0	632.0	2.936903	-4.47207928
38420.0	631.0	3.60864186	-4.35597324
38420.0	632.0	2.88743591	-4.38284969
38430.0	631.0	3.59407616	-4.29045248
38430.0	632.0	2.86445522	-4.29950094
38440.0	631.0	3.57043552	-4.26791954
38440.0	632.0	2.83259845	-4.25979567
38450.0	631.0	3.57231402	-4.25619268
38450.0	632.0	2.8346343	-4.24838591
38460.0	631.0	3.57240844	-4.25247097
38460.0	632.0	2.83630872	-4.24307775
38470.0	631.0	3.56271768	-4.24411345
38470.0	632.0	2.83224392	-4.23928118
38480.0	631.0	3.55434251	-4.23189354
38480.0	632.0	2.83075762	-4.23430538
38490.0	631.0	3.54023838	-4.23110533
38490.0	632.0	2.82419205	-4.22891712
38500.0	631.0	3.52439952	-4.2323308
38500.0	632.0	2.82089782	-4.2246685
38510.0	631.0	3.46924639	-4.25336409
38510.0	632.0	2.81204486	-4.22021198
38520.0	631.0	3.38111424	-4.30335093
38520.0	632.0	2.80038357	-4.21949577
38530.0	631.0	3.19153857	-4.37816143
38530.0	632.0	2.75348616	-4.23742533
38540.0	631.0	2.89276695	-4.47547102
38540.0	632.0	2.62782168	-4.30191708
38550.0	631.0	2.5091517	-4.57872057
38550.0	632.0	2.40707207	-4.39633417
38560.0	631.0	2.07253361	-4.6584816
38560.0	632.0	2.10800552	-4.473423
38570.0	631.0	1.59969974	-4.71398163
38570.0	632.0	1.76673186	-4.5039854
38580.0	631.0	1.16370344	-4.70576
38580.0	632.0	1.43878722	-4.48151064
38590.0	631.0	0.85876369	-4.67363834
38590.0	632.0	1.19504583	-4.43992615
38600.0	633.0	3.81729388	-4.08985901
38600.0	634.0	3.1418612	-4.14617538
38610.0	633.0	3.67561173	-4.05433083
38610.0	634.0	2.90846038	-4.08124876
38620.0	633.0	3.64093614	-3.96775961
38620.0	634.0	2.83754492	-3.96818733
38630.0	633.0	3.62607646	-3.9125793
38630.0	634.0	2.78618026	-3.87606907
38640.0	633.0	3.60940027	-3.88921762
38640.0	634.0	2.74923515	-3.85181904
38650.0	633.0	3.61590862	-3.88406754
38650.0	634.0	2.73798323	-3.84892797
38660.0	633.0	3.6121676	-3.86943245
38660.0	634.0	2.73515654	-3.83995771
38670.0	633.0	3.60743046	-3.85385251
38670.0	634.0	2.73532033	-3.83351398
38680.0	633.0	3.5947206	-3.85200739
38680.0	634.0	2.72985172	-3.82751608
38690.0	633.0	3.58404255	-3.85111618
38690.0	634.0	2.72695541	-3.8231802
38700.0	633.0	3.54997349	-3.85940289
38700.0	634.0	2.71533203	-3.8191247
38710.0	633.0	3.50747323	-3.88126421
38710.0	634.0	2.69822025	-3.81860852
38720.0	633.0	3.42884684	-3.90402699
38720.0	634.0	2.66564178	-3.83259726
38730.0	633.0	3.31505156	-3.94677114
38730.0	634.0	2.59008503	-3.86698413
38740.0	633.0	3.10318708	-4.02330208
38740.0	634.0	2.42567778	-3.94745588
38750.0	633.0	2.7912693	-4.15720797
38750.0	634.0	2.15468431	-4.06899214
38760.0	633.0	2.3942306	-4.25896454
38760.0	634.0	1.80285347	-4.16616821
38770.0	633.0	1.98059368	-4.30082607
38770.0	634.0	1.40161085	-4.21707726
38780.0	633.0	1.62296009	-4.2755208
38780.0	634.0	1.03330302	-4.20724869
38790.0	633.0	1.36478543	-4.25048733
38790.0	634.0	0.76782846	-4.17853308
38800.0	635.0	3.83112502	-3.73052478
38800.0	636.0	3.07032442	-3.76977468
38800.0	637.0	3.02128363	-8.95286942
38810.0	635.0	3.67853785	-3.69790244
38810.0	636.0	2.91446686	-3.73606658
38810.0	637.0	2.73986959	-8.89748192
38820.0	635.0	3.64489865	-3.6042273
38820.0	636.0	2.88088059	-3.64265847
38820.0	637.0	2.66842961	-8.71372986
38830.0	635.0	3.6323874	-3.53705287
38830.0	636.0	2.86982965	-3.57651472
38830.0	637.0	2.61468887	-8.55290508
38840.0	635.0	3.61903167	-3.51093435
38840.0	636.0	2.85656095	-3.5522058
38840.0	637.0	2.54902339	-8.50132751
38850.0	635.0	3.6282618	-3.50088859
38850.0	636.0	2.8677597	-3.54304957
38850.0	637.0	2.55201411	-8.48231125
38860.0	635.0	3.62759089	-3.48703122
38860.0	636.0	2.86876488	-3.53072476
38860.0	637.0	2.54692292	-8.46609974
38870.0	635.0	3.62441897	-3.47994041
38870.0	636.0	2.86682892	-3.52359009
38870.0	637.0	2.53328466	-8.45248127
38880.0	635.0	3.62087893	-3.47227788
38880.0	636.0	2.86179543	-3.51583099
38880.0	637.0	2.51725793	-8.44050407
38890.0	635.0	3.61833286	-3.46655536
38890.0	636.0	2.85759211	-3.51040721
38890.0	637.0	2.50375199	-8.4368906
38900.0	635.0	3.61591244	-3.46305656
38900.0	636.0	2.85476589	-3.50535846
38900.0	637.0	2.49267697	-8.43732643
38910.0	635.0	3.61167336	-3.46031356
38910.0	636.0	2.85092735	-3.50049019
38910.0	637.0	2.48006678	-8.43659973
38920.0	635.0	3.60746908	-3.45817947
38920.0	636.0	2.84682679	-3.49698186
38920.0	637.0	2.45665359	-8.43935394
38930.0	635.0	3.57718849	-3.47088051
38930.0	636.0	2.82423925	-3.50596762
38930.0	637.0	2.38055849	-8.4890995
38940.0	635.0	3.46413183	-3.53311563
38940.0	636.0	2.72298503	-3.56101298
38940.0	637.0	2.17872858	-8.60745049
38950.0	635.0	3.26097488	-3.64147949
38950.0	636.0	2.53257251	-3.66489816
38950.0	637.0	1.81435061	-8.78737831
38960.0	635.0	2.95901299	-3.72565365
38960.0	636.0	2.24623775	-3.74920321
38960.0	637.0	1.33574224	-8.93597889
38970.0	635.0	2.61754251	-3.75429034
38970.0	636.0	1.9186734	-3.77989006
38970.0	637.0	0.8272934	-8.98953819
38980.0	635.0	2.29261422	-3.72598028
38980.0	636.0	1.59851706	-3.75539684
38980.0	637.0	0.36045361	-8.95379162
38990.0	635.0	2.05006719	-3.68800902
38990.0	636.0	1.35372746	-3.7147646
38990.0	637.0	0.0033536	-8.92291641
39000.0	638.0	3.81049895	-3.3591969
39000.0	639.0	3.01520705	-3.38522148
39000.0	640.0	3.03898358	-8.37671661
39010.0	638.0	3.62603402	-3.32116747
39010.0	639.0	2.82241344	-3.35508633
39010.0	640.0	2.60579681	-8.29468441
39020.0	638.0	3.59518003	-3.21266389
39020.0	639.0	2.79916239	-3.23837137
39020.0	640.0	2.53430629	-8.06574631
39030.0	638.0	3.57179594	-3.13205838
39030.0	639.0	2.77015162	-3.15151882
39030.0	640.0	2.44110942	-7.85999012
39040.0	638.0	3.54851723	-3.10565567
39040.0	639.0	2.74422455	-3.1269927
39040.0	640.0	2.33399916	-7.79358292
39050.0	638.0	3.5533185	-3.09400105
39050.0	639.0	2.74930453	-3.11840963
39050.0	640.0	2.31410956	-7.76890278
39060.0	638.0	3.55032325	-3.08509707
39060.0	639.0	2.74744678	-3.10962176
39060.0	640.0	2.30043173	-7.76500559
39070.0	638.0	3.54662752	-3.0758574
39070.0	639.0	2.74252033	-3.0999732
39070.0	640.0	2.28226519	-7.74879169
39080.0	638.0	3.54440117	-3.06944227
39080.0	639.0	2.73874021	-3.09373379
39080.0	640.0	2.26855326	-7.74435997
39090.0	638.0	3.54207754	-3.0656395
39090.0	639.0	2.73602867	-3.08844662
39090.0	640.0	2.25777245	-7.7443676
39100.0	638.0	3.53799486	-3.06265664
39100.0	639.0	2.73240709	-3.0834589
39100.0	640.0	2.24693274	-7.7439642
39110.0	638.0	3.53497338	-3.0601902
39110.0	639.0	2.72921395	-3.07974005
39110.0	640.0	2.23670721	-7.74319124
39120.0	638.0	3.53174782	-3.06146407
39120.0	639.0	2.72826982	-3.07925177
39120.0	640.0	2.22126985	-7.76059628
39130.0	638.0	3.49120331	-3.0763185
39130.0	639.0	2.69434428	-3.09032607
39130.0	640.0	2.12158775	-7.80696774
39140.0	638.0	3.36736727	-3.14727855
39140.0	639.0	2.57687783	-3.15552711
39140.0	640.0	1.87595057	-7.94957924
39150.0	638.0	3.14256406	-3.26446819
39150.0	639.0	2.36150599	-3.27085757
39150.0	640.0	1.47563267	-8.15810394
39160.0	638.0	2.80527711	-3.35990405
39160.0	639.0	2.03537178	-3.36591053
39160.0	640.0	0.92531061	-8.32350445
39170.0	638.0	2.42370796	-3.40259504
39170.0	639.0	1.65952814	-3.40868998
39170.0	640.0	0.34624124	-8.41264057
39180.0	638.0	2.06451035	-3.37872696
39180.0	639.0	1.29952145	-3.38617492
39180.0	640.0	-0.20450139	-8.37894535
39190.0	638.0	1.80532098	-3.34784245
39190.0	639.0	1.03528476	-3.35053873
39190.0	640.0	-0.61217356	-8.34634209
39200.0	641.0	3.816715	-2.9847331
39200.0	642.0	3.0674274	-2.99624944
39200.0	643.0	3.04047847	-7.77713966
39210.0	641.0	3.65267301	-2.95358062
39210.0	642.0	2.90860581	-2.96888924
39210.0	643.0	2.7246201	-7.72239733
39220.0	641.0	3.64311481	-2.84103489
39220.0	642.0	2.90280581	-2.85858679
39220.0	643.0	2.69583201	-7.48349667
39230.0	641.0	3.61637807	-2.7625978
39230.0	642.0	2.87684202	-2.78217888
39230.0	643.0	2.59821105	-7.27954006
39240.0	641.0	3.59294009	-2.73892879
39240.0	642.0	2.85565996	-2.76121306
39240.0	643.0	2.50540781	-7.22595453
39250.0	641.0	3.5939405	-2.73209786
39250.0	642.0	2.85756445	-2.75353765
39250.0	643.0	2.48701692	-7.21819782
39260.0	641.0	3.59129524	-2.72138643
39260.0	642.0	2.85392332	-2.74250674
39260.0	643.0	2.47331834	-7.21188164
39270.0	641.0	3.58960414	-2.7131319
39270.0	642.0	2.85085678	-2.73449135
39270.0	643.0	2.46107078	-7.20466137
39280.0	641.0	3.58778477	-2.70881295
39280.0	642.0	2.84880948	-2.72866011
39280.0	643.0	2.4509306	-7.20388222
39290.0	641.0	3.58393908	-2.70559239
39290.0	642.0	2.84553576	-2.72357273
39290.0	643.0	2.44150686	-7.20360565
39300.0	641.0	3.580827	-2.70343924
39300.0	642.0	2.84258747	-2.72018957
39300.0	643.0	2.43164444	-7.20478296
39310.0	641.0	3.57878995	-2.70382285
39310.0	642.0	2.84206295	-2.71852779
39310.0	643.0	2.42078114	-7.21572638
39320.0	641.0	3.57331562	-2.70396233
39320.0	642.0	2.83543825	-2.71766806
39320.0	643.0	2.39266586	-7.23041201
39330.0	641.0	3.5165906	-2.72988868
39330.0	642.0	2.7703371	-2.7518239
39330.0	643.0	2.27281094	-7.29950142
39340.0	641.0	3.35094643	-2.82380533
39340.0	642.0	2.56717181	-2.86128116
39340.0	643.0	1.98095655	-7.46640587
39350.0	641.0	3.06844997	-2.96096992
39350.0	642.0	2.23103333	-3.03045321
39350.0	643.0	1.51443064	-7.67287636
39360.0	641.0	2.67850876	-3.06549072
39360.0	642.0	1.7751981	-3.16370106
39360.0	643.0	0.93723059	-7.81927919
39370.0	641.0	2.25599098	-3.1211133
39370.0	642.0	1.28250861	-3.24682403
39370.0	643.0	0.34882593	-7.89415121
39380.0	641.0	1.85613918	-3.09088397
39380.0	642.0	0.80683088	-3.21845365
39380.0	643.0	-0.18824935	-7.84607744
39390.0	641.0	1.58450675	-3.070894
39390.0	642.0	0.47608972	-3.19742346
39390.0	643.0	-0.54842448	-7.82697773
39400.0	644.0	3.45531917	-8.78193378
39400.0	645.0	1.16436291	-10.09700203
39410.0	644.0	3.14261317	-8.66276169
39410.0	645.0	0.90617371	-10.00513744
39420.0	644.0	3.06219387	-8.47042656
39420.0	645.0	0.83301854	-9.85773373
39430.0	644.0	2.93700171	-8.3258667
39430.0	645.0	0.73968279	-9.74254322
39440.0	644.0	2.84770989	-8.24837399
39440.0	645.0	0.63601041	-9.68328953
39450.0	644.0	2.80224204	-8.20346928
39450.0	645.0	0.58349037	-9.65920544
39460.0	644.0	2.76783895	-8.19782448
39460.0	645.0	0.53306365	-9.66007423
39470.0	644.0	2.74391699	-8.20746994
39470.0	645.0	0.47335386	-9.66744804
39480.0	644.0	2.71978164	-8.21989632
39480.0	645.0	0.39821416	-9.6986475
39490.0	644.0	2.6990571	-8.22294521
39490.0	645.0	0.28571451	-9.72991848
39500.0	644.0	2.6877389	-8.2165308
39500.0	645.0	0.14831269	-9.74929905
39510.0	644.0	2.6817534	-8.20931339
39510.0	645.0	0.00325823	-9.74973774
39520.0	644.0	2.65315604	-8.21959209
39520.0	645.0	-0.13988483	-9.76820374
39530.0	644.0	2.55428386	-8.25917435
39530.0	645.0	-0.4100492	-9.84341717
39540.0	644.0	2.32598734	-8.38081551
39540.0	645.0	-0.81745207	-9.96992111
39550.0	644.0	1.95307302	-8.55688858
39550.0	645.0	-1.32649815	-10.15133286
39560.0	644.0	1.42656446	-8.68532467
39560.0	645.0	-1.94862378	-10.28751183
39570.0	644.0	0.83743906	-8.75061131
39570.0	645.0	-2.60524178	-10.37413216
39580.0	644.0	0.31283116	-8.71282482
39580.0	645.0	-3.18030453	-10.33698559
39590.0	644.0	-0.04505444	-8.68964386
39590.0	645.0	-3.57263947	-10.32854652
39600.0	646.0	3.44434237	-8.19674969
39600.0	647.0	1.20027983	-9.41180229
39610.0	646.0	3.19458604	-8.08752251
39610.0	647.0	0.94957697	-9.31749344
39620.0	646.0	3.11331058	-7.92798376
39620.0	647.0	0.88628489	-9.17355537
39630.0	646.0	3.03823137	-7.79193783
39630.0	647.0	0.79731816	-9.04497433
39640.0	646.0	2.96983051	-7.71604633
39640.0	647.0	0.71945238	-8.97099018
39650.0	646.0	2.94001746	-7.69414902
39650.0	647.0	0.67112875	-8.94840145
39660.0	646.0	2.92551064	-7.69659185
39660.0	647.0	0.61557949	-8.94983482
39670.0	646.0	2.90539575	-7.70848656
39670.0	647.0	0.54496408	-8.97830391
39680.0	646.0	2.88596773	-7.71065712
39680.0	647.0	0.43469298	-9.00841236
39690.0	646.0	2.87518334	-7.70414495
39690.0	647.0	0.29859817	-9.02551079
39700.0	646.0	2.8707099	-7.69543648
39700.0	647.0	0.16520357	-9.01397324
39710.0	646.0	2.86162949	-7.69397783
39710.0	647.0	0.07725847	-8.99946308
39720.0	646.0	2.84975266	-7.68086195
39720.0	647.0	-0.03685212	-8.98194885
39730.0	646.0	2.79736185	-7.68642282
39730.0	647.0	-0.16388786	-8.99055767
39740.0	646.0	2.63939619	-7.76704073
39740.0	647.0	-0.3896929	-9.08275318
39750.0	646.0	2.33713579	-7.92449665
39750.0	647.0	-0.75761437	-9.24369717
39760.0	646.0	1.90105116	-8.05385971
39760.0	647.0	-1.2366178	-9.38119125
39770.0	646.0	1.385988	-8.11051655
39770.0	647.0	-1.76566052	-9.44595242
39780.0	646.0	0.88265634	-8.08263493
39780.0	647.0	-2.27871251	-9.42416763
39790.0	646.0	0.51089787	-8.03940678
39790.0	647.0	-2.65851498	-9.37903214
39800.0	648.0	0.75199014	2.97395563
39800.0	649.0	-0.82118922	2.35600543
39810.0	648.0	1.07567692	2.94978452
39810.0	649.0	-0.81008279	2.35781121
39820.0	648.0	1.36188114	2.91955471
39820.0	649.0	-0.80498391	2.36621737
39830.0	648.0	1.63664055	2.87424564
39830.0	649.0	-0.79858172	2.36507773
39840.0	648.0	1.99932003	2.81716204
39840.0	649.0	-0.79556566	2.36613083
39850.0	648.0	2.42724466	2.79781175
39850.0	649.0	-0.78923506	2.36914062
39860.0	648.0	2.90197372	2.81696868
39860.0	649.0	-0.78266621	2.37143493
39870.0	648.0	3.39172792	2.8403151
39870.0	649.0	-0.77765667	2.37437868
39880.0	648.0	3.90354705	2.86336303
39880.0	649.0	-0.77197659	2.37671256
39890.0	648.0	4.42955112	2.89764214
39890.0	649.0	-0.76570433	2.37910128
39900.0	648.0	4.92703342	2.93486977
39900.0	649.0	-0.7600441	2.38198948
39910.0	648.0	5.40946293	2.96095467
39910.0	649.0	-0.75421417	2.38393736
39920.0	648.0	5.92968082	2.97712374
39920.0	649.0	-0.7484532	2.38592291
39930.0	648.0	6.45603561	2.99100614
39930.0	649.0	-0.74454391	2.38967657
39940.0	648.0	7.02129173	2.98251367
39940.0	649.0	-0.74170244	2.39029312
39950.0	648.0	7.63000107	2.94052339
39950.0	649.0	-0.73880464	2.39012027
39960.0	648.0	8.18972778	2.86892724
39960.0	649.0	-0.73589337	2.38986278
39970.0	648.0	8.65700817	2.77312112
39970.0	649.0	-0.73556554	2.38158345
39980.0	648.0	9.08030987	2.68646002
39980.0	649.0	-0.73861694	2.37702012
39990.0	648.0	9.52451324	2.61222386
39990.0	649.0	-0.72313553	2.37751842
40000.0	650.0	0.25879186	1.47844231
40000.0	651.0	1.29937494	4.02338648
40010.0	650.0	0.54667324	1.45473611
40010.0	651.0	1.58668578	3.99481797
40020.0	650.0	0.8151648	1.43223357
40020.0	651.0	1.83096874	3.97284007
40030.0	650.0	1.14213061	1.39521062
40030.0	651.0	2.10027623	3.93164992
40040.0	650.0	1.51868665	1.35843587
40040.0	651.0	2.5219326	3.89020371
40050.0	650.0	1.97169304	1.35689855
40050.0	651.0	2.97134447	3.89588523
40060.0	650.0	2.46410298	1.36995363
40060.0	651.0	3.46175718	3.89516592
40070.0	650.0	2.9491334	1.38923979
40070.0	651.0	3.99656773	3.90383363
40080.0	650.0	3.47593594	1.40150654
40080.0	651.0	4.52320766	3.92420125
40090.0	650.0	4.01488972	1.38401115
40090.0	651.0	5.05945063	3.93728161
40100.0	650.0	4.51865339	1.37994444
40100.0	651.0	5.63201284	3.94063997
40110.0	650.0	5.03642035	1.34509385
40110.0	651.0	6.23286867	3.92726445
40120.0	650.0	5.55989838	1.29583538
40120.0	651.0	6.81608152	3.90612984
40130.0	650.0	6.05657196	1.23530877
40130.0	651.0	7.37061262	3.86329055
40140.0	650.0	6.60851669	1.16345477
40140.0	651.0	7.98330402	3.76897955
40150.0	650.0	7.21312761	1.07939553
40150.0	651.0	8.65442276	3.66653371
40160.0	650.0	7.78734064	0.98016
40160.0	651.0	9.29030323	3.55665255
40170.0	650.0	8.32821274	0.88235652
40170.0	651.0	9.88997841	3.4534502
40180.0	650.0	8.86173344	0.77932644
40180.0	651.0	10.46971798	3.34472108
40190.0	650.0	9.35880756	0.71002275
40190.0	651.0	11.00564384	3.2808485
40200.0	652.0	2.88299537	-5.32732058
40200.0	653.0	2.97705841	-7.04958487
40210.0	652.0	2.55723333	-5.20863438
40210.0	653.0	2.72505951	-6.9669919
40220.0	652.0	2.44436169	-4.99660969
40220.0	653.0	2.64150834	-6.8166275
40230.0	652.0	2.31378889	-4.88066816
40230.0	653.0	2.58650613	-6.71740341
40240.0	652.0	2.22995591	-4.83298922
40240.0	653.0	2.54337406	-6.6672864
40250.0	652.0	2.21819711	-4.80753803
40250.0	653.0	2.54597116	-6.64340448
40260.0	652.0	2.20194793	-4.7843709
40260.0	653.0	2.53700399	-6.62457275
40270.0	652.0	2.19520521	-4.78019524
40270.0	653.0	2.53230262	-6.61481762
40280.0	652.0	2.17851591	-4.78318024
40280.0	653.0	2.51985645	-6.61463308
40290.0	652.0	2.15183258	-4.78789282
40290.0	653.0	2.49723125	-6.61609268
40300.0	652.0	2.13309002	-4.79131365
40300.0	653.0	2.46030045	-6.62555599
40310.0	652.0	2.11298752	-4.79773712
40310.0	653.0	2.40483642	-6.65432835
40320.0	652.0	2.0560503	-4.82467461
40320.0	653.0	2.30358267	-6.71476698
40330.0	652.0	1.92904711	-4.89459896
40330.0	653.0	2.09441543	-6.81149864
40340.0	652.0	1.73044014	-4.99693155
40340.0	653.0	1.74864912	-6.98482513
40350.0	652.0	1.44555056	-5.09220123
40350.0	653.0	1.21467137	-7.19736052
40360.0	652.0	1.13745952	-5.14600182
40360.0	653.0	0.60552812	-7.35713577
40370.0	652.0	0.83087373	-5.14556074
40370.0	653.0	-0.0293231	-7.41657257
40380.0	652.0	0.57631946	-5.11877918
40380.0	653.0	-0.58730102	-7.38103151
40390.0	652.0	0.39898396	-5.10878372
40390.0	653.0	-1.02988529	-7.37677336
40400.0	654.0	2.5733707	-2.77953315
40400.0	655.0	-0.84346145	2.35964084
40400.0	656.0	-0.80346143	4.0396409
40400.0	657.0	-0.38234693	4.30570698
40410.0	654.0	2.25296044	-2.69084001
40410.0	655.0	-0.8336423	2.36125207
40410.0	656.0	-0.79364228	4.04125214
40410.0	657.0	-0.36713496	4.30685043
40420.0	654.0	2.12137413	-2.51185632
40420.0	655.0	-0.82648635	2.3656671
40420.0	656.0	-0.78648633	4.04566717
40420.0	657.0	-0.3607077	4.30763149
40430.0	654.0	2.05315518	-2.39812231
40430.0	655.0	-0.82118469	2.36268544
40430.0	656.0	-0.78118467	4.04268551
40430.0	657.0	-0.35792938	4.30295324
40440.0	654.0	2.00347471	-2.37269616
40440.0	655.0	-0.81818295	2.36474562
40440.0	656.0	-0.77818298	4.04474592
40440.0	657.0	-0.35589063	4.30333519
40450.0	654.0	1.99071586	-2.3767314
40450.0	655.0	-0.81013232	2.36754942
40450.0	656.0	-0.7701323	4.04754925
40450.0	657.0	-0.34808442	4.30548763
40460.0	654.0	1.97714448	-2.37395048
40460.0	655.0	-0.8034541	2.36957145
40460.0	656.0	-0.76345408	4.04957151
40460.0	657.0	-0.34066042	4.30819321
40470.0	654.0	1.96113944	-2.37914705
40470.0	655.0	-0.79750639	2.37046766
40470.0	656.0	-0.75750637	4.05046797
40470.0	657.0	-0.33390379	4.31131458
40480.0	654.0	1.94417143	-2.3864522
40480.0	655.0	-0.79042912	2.3719728
40480.0	656.0	-0.75042915	4.05197287
40480.0	657.0	-0.3263756	4.31461668
40490.0	654.0	1.93593287	-2.40045738
40490.0	655.0	-0.7818504	2.37352204
40490.0	656.0	-0.74185038	4.05352211
40490.0	657.0	-0.31731394	4.31547356
40500.0	654.0	1.92229128	-2.41420341
40500.0	655.0	-0.77296597	2.37532711
40500.0	656.0	-0.73296595	4.05532694
40500.0	657.0	-0.30790079	4.31639624
40510.0	654.0	1.91648126	-2.4280057
40510.0	655.0	-0.76408303	2.37713313
40510.0	656.0	-0.72408301	4.0571332
40510.0	657.0	-0.29907882	4.31801987
40520.0	654.0	1.91717148	-2.44159651
40520.0	655.0	-0.75644624	2.37867832
40520.0	656.0	-0.71644622	4.05867815
40520.0	657.0	-0.29064828	4.31835794
40530.0	654.0	1.91580403	-2.44670153
40530.0	655.0	-0.7499789	2.38015962
40530.0	656.0	-0.70997882	4.06015968
40530.0	657.0	-0.28217116	4.31810808
40540.0	654.0	1.91547656	-2.44417715
40540.0	655.0	-0.74512094	2.38115454
40540.0	656.0	-0.70512092	4.06115484
40540.0	657.0	-0.27640474	4.31789398
40550.0	654.0	1.91858244	-2.44182611
40550.0	655.0	-0.74079394	2.38143444
40550.0	656.0	-0.70079392	4.06143427
40550.0	657.0	-0.27264145	4.31614542
40560.0	654.0	1.91798282	-2.4338305
40560.0	655.0	-0.73634779	2.38209367
40560.0	656.0	-0.69634777	4.06209373
40560.0	657.0	-0.26513603	4.31508589
40570.0	654.0	1.92503488	-2.43691039
40570.0	655.0	-0.73066032	2.38071489
40570.0	656.0	-0.6906603	4.0607152
40570.0	657.0	-0.25515431	4.31664896
40580.0	654.0	1.92170513	-2.44119287
40580.0	655.0	-0.72561741	2.38138056
40580.0	656.0	-0.68561739	4.06138039
40580.0	657.0	-0.23787315	4.32159233
40590.0	654.0	1.92108321	-2.43788743
40590.0	655.0	-0.70759511	2.38332272
40590.0	656.0	-0.66759515	4.06332302
40590.0	657.0	-0.20205261	4.32279205
40600.0	658.0	2.34048939	-2.11341286
40600.0	659.0	-0.84280694	2.35910749
40600.0	660.0	-0.80280691	4.03910732
40600.0	661.0	-0.39126709	4.14997721
40610.0	658.0	2.00009537	-2.01533055
40610.0	659.0	-0.83231968	2.36065435
40610.0	660.0	-0.79231966	4.04065418
40610.0	661.0	-0.38241068	4.14932251
40620.0	658.0	1.86575556	-1.83111107
40620.0	659.0	-0.82540923	2.36550331
40620.0	660.0	-0.78540921	4.04550362
40620.0	661.0	-0.37544516	4.15457153
40630.0	658.0	1.77687168	-1.71344292
40630.0	659.0	-0.82016474	2.36252546
40630.0	660.0	-0.78016472	4.04252529
40630.0	661.0	-0.37079445	4.14900637
40640.0	658.0	1.70536613	-1.68411875
40640.0	659.0	-0.81699747	2.36402202
40640.0	660.0	-0.77699745	4.04402208
40640.0	661.0	-0.36649299	4.14725399
40650.0	658.0	1.68300021	-1.6853981
40650.0	659.0	-0.80909067	2.36681032
40650.0	660.0	-0.76909065	4.04681063
40650.0	661.0	-0.3554101	4.15007067
40660.0	658.0	1.66723418	-1.69176102
40660.0	659.0	-0.80237877	2.36901259
40660.0	660.0	-0.76237875	4.04901266
40660.0	661.0	-0.34561628	4.15625763
40670.0	658.0	1.6492579	-1.69921327
40670.0	659.0	-0.79548746	2.37011647
40670.0	660.0	-0.75548744	4.05011654
40670.0	661.0	-0.33701074	4.15939331
40680.0	658.0	1.63769078	-1.71186852
40680.0	659.0	-0.78787857	2.37144065
40680.0	660.0	-0.74787855	4.05144072
40680.0	661.0	-0.32894734	4.15998363
40690.0	658.0	1.6235621	-1.72722673
40690.0	659.0	-0.77929604	2.37294507
40690.0	660.0	-0.73929602	4.05294514
40690.0	661.0	-0.31989542	4.16044712
40700.0	658.0	1.61695087	-1.74194801
40700.0	659.0	-0.77061051	2.37470794
40700.0	660.0	-0.73061049	4.054708
40700.0	661.0	-0.31134829	4.16200781
40710.0	658.0	1.61761689	-1.75565147
40710.0	659.0	-0.76299369	2.37629795
40710.0	660.0	-0.72299367	4.05629826
40710.0	661.0	-0.30291659	4.16241312
40720.0	658.0	1.61660492	-1.7603606
40720.0	659.0	-0.75639498	2.37783766
40720.0	660.0	-0.71639496	4.05783796
40720.0	661.0	-0.29387218	4.16203403
40730.0	658.0	1.61789799	-1.75778675
40730.0	659.0	-0.75015646	2.3789618
40730.0	660.0	-0.71015644	4.05896187
40730.0	661.0	-0.28622454	4.16219234
40740.0	658.0	1.62356257	-1.75381875
40740.0	659.0	-0.74445885	2.38100123
40740.0	660.0	-0.70445883	4.0610013
40740.0	661.0	-0.28160843	4.1625638
40750.0	658.0	1.62794685	-1.74593484
40750.0	659.0	-0.73900402	2.38254595
40750.0	660.0	-0.69900399	4.06254625
40750.0	661.0	-0.275574	4.16179657
40760.0	658.0	1.63847053	-1.74363613
40760.0	659.0	-0.7323038	2.38236165
40760.0	660.0	-0.69230378	4.06236172
40760.0	661.0	-0.26742291	4.16185856
40770.0	658.0	1.63845277	-1.75317311
40770.0	659.0	-0.73005056	2.37763786
40770.0	660.0	-0.69005054	4.05763769
40770.0	661.0	-0.26147589	4.16143227
40780.0	658.0	1.63257492	-1.75670242
40780.0	659.0	-0.72734559	2.37594366
40780.0	660.0	-0.68734556	4.05594349
40780.0	661.0	-0.24903052	4.16474962
40790.0	658.0	1.64417624	-1.75737464
40790.0	659.0	-0.7089026	2.37773252
40790.0	660.0	-0.66890264	4.05773258
40790.0	661.0	-0.21729769	4.16590309
40800.0	662.0	2.13391566	-1.52198088
40800.0	663.0	-0.8446008	2.35967469
40800.0	664.0	-0.80460078	4.03967476
40800.0	665.0	-0.39697871	4.061028
40810.0	662.0	1.8398782	-1.43184876
40810.0	663.0	-0.83586901	2.36116171
40810.0	664.0	-0.79586899	4.04116154
40810.0	665.0	-0.39268905	4.05986738
40820.0	662.0	1.70593405	-1.27650619
40820.0	663.0	-0.82901388	2.36487222
40820.0	664.0	-0.78901386	4.04487228
40820.0	665.0	-0.38459754	4.06327772
40830.0	662.0	1.63648725	-1.16307783
40830.0	663.0	-0.82390386	2.36233258
40830.0	664.0	-0.78390384	4.04233265
40830.0	665.0	-0.38113144	4.06281376
40840.0	662.0	1.57882547	-1.12493443
40840.0	663.0	-0.82030571	2.36412764
40840.0	664.0	-0.78030568	4.04412794
40840.0	665.0	-0.37628055	4.06555128
40850.0	662.0	1.55889523	-1.13011992
40850.0	663.0	-0.81261784	2.36692858
40850.0	664.0	-0.77261782	4.04692841
40850.0	665.0	-0.36837679	4.07023716
40860.0	662.0	1.5450592	-1.13705575
40860.0	663.0	-0.80511034	2.3691287
40860.0	664.0	-0.76511031	4.04912853
40860.0	665.0	-0.36068064	4.07407618
40870.0	662.0	1.53386998	-1.14866269
40870.0	663.0	-0.79766017	2.37002301
40870.0	664.0	-0.75766015	4.05002308
40870.0	665.0	-0.35299349	4.07435417
40880.0	662.0	1.51836932	-1.16309166
40880.0	663.0	-0.78963476	2.37133789
40880.0	664.0	-0.74963474	4.0513382
40880.0	665.0	-0.34446806	4.07455635
40890.0	662.0	1.5114975	-1.17856193
40890.0	663.0	-0.78108931	2.37313342
40890.0	664.0	-0.74108922	4.05313349
40890.0	665.0	-0.33615687	4.07607174
40900.0	662.0	1.51171541	-1.19295108
40900.0	663.0	-0.77344596	2.37473297
40900.0	664.0	-0.73344588	4.0547328
40900.0	665.0	-0.32771534	4.0764761
40910.0	662.0	1.51068616	-1.19731641
40910.0	663.0	-0.76671994	2.37650299
40910.0	664.0	-0.72671992	4.0565033
40910.0	665.0	-0.31860104	4.07625008
40920.0	662.0	1.51239169	-1.19466865
40920.0	663.0	-0.75998586	2.37770581
40920.0	664.0	-0.71998584	4.05770588
40920.0	665.0	-0.30996153	4.07619381
40930.0	662.0	1.52029061	-1.19057035
40930.0	663.0	-0.75228471	2.38005567
40930.0	664.0	-0.71228468	4.06005573
40930.0	665.0	-0.30297136	4.07720423
40940.0	662.0	1.52603757	-1.18083215
40940.0	663.0	-0.74492151	2.38350892
40940.0	664.0	-0.70492148	4.06350899
40940.0	665.0	-0.29629394	4.07879972
40950.0	662.0	1.53719699	-1.17812061
40950.0	663.0	-0.73842609	2.38478112
40950.0	664.0	-0.69842607	4.06478119
40950.0	665.0	-0.29003006	4.07904625
40960.0	662.0	1.53885162	-1.17967463
40960.0	663.0	-0.73442048	2.38380551
40960.0	664.0	-0.69442046	4.06380558
40960.0	665.0	-0.28559536	4.07785273
40970.0	662.0	1.54244173	-1.18577731
40970.0	663.0	-0.73021448	2.3795073
40970.0	664.0	-0.69021446	4.05950737
40970.0	665.0	-0.28057787	4.07707882
40980.0	662.0	1.54346609	-1.18980479
40980.0	663.0	-0.72654825	2.3784132
40980.0	664.0	-0.68654823	4.05841303
40980.0	665.0	-0.2712732	4.0800395
40990.0	662.0	1.55651963	-1.18753648
40990.0	663.0	-0.70893979	2.38102388
40990.0	664.0	-0.66893977	4.06102371
40990.0	665.0	-0.24552712	4.08198214
41000.0	666.0	1.87726617	-0.96422243
41000.0	667.0	-0.84260774	2.35860205
41000.0	668.0	-0.80260772	4.03860235
41000.0	669.0	-0.40231207	4.19783831
41010.0	666.0	1.5425185	-0.87111211
41010.0	667.0	-0.83217609	2.36023808
41010.0	668.0	-0.79217607	4.04023838
41010.0	669.0	-0.39226973	4.19805098
41020.0	666.0	1.42344058	-0.71374422
41020.0	667.0	-0.82584047	2.36534691
41020.0	668.0	-0.78584045	4.04534674
41020.0	669.0	-0.38651487	4.20308971
41030.0	666.0	1.35193002	-0.60228932
41030.0	667.0	-0.82004136	2.36247683
41030.0	668.0	-0.78004134	4.04247665
41030.0	669.0	-0.37937826	4.19883013
41040.0	666.0	1.2812351	-0.5811938
41040.0	667.0	-0.81766015	2.36386776
41040.0	668.0	-0.77766013	4.04386806
41040.0	669.0	-0.37528977	4.20162821
41050.0	666.0	1.25662017	-0.59349298
41050.0	667.0	-0.80997241	2.3663528
41050.0	668.0	-0.76997238	4.04635286
41050.0	669.0	-0.36588061	4.20604372
41060.0	666.0	1.24450064	-0.60013199
41060.0	667.0	-0.80200279	2.36795259
41060.0	668.0	-0.76200277	4.04795265
41060.0	669.0	-0.35578647	4.20787907
41070.0	666.0	1.23006749	-0.61232281
41070.0	667.0	-0.79396975	2.36911774
41070.0	668.0	-0.75396973	4.04911757
41070.0	669.0	-0.34632897	4.20857143
41080.0	666.0	1.22327638	-0.62702054
41080.0	667.0	-0.78562117	2.37090373
41080.0	668.0	-0.74562109	4.0509038
41080.0	669.0	-0.33800331	4.21003437
41090.0	666.0	1.22344637	-0.6414302
41090.0	667.0	-0.77800655	2.37248302
41090.0	668.0	-0.73800653	4.05248308
41090.0	669.0	-0.32961667	4.2104311
41100.0	666.0	1.22239232	-0.64587486
41100.0	667.0	-0.77128816	2.37424278
41100.0	668.0	-0.73128808	4.05424261
41100.0	669.0	-0.32051095	4.21020317
41110.0	666.0	1.22387505	-0.6430428
41110.0	667.0	-0.76475996	2.37564635
41110.0	668.0	-0.72475994	4.05564642
41110.0	669.0	-0.31190693	4.21029425
41120.0	666.0	1.23190284	-0.63887918
41120.0	667.0	-0.75715756	2.37817645
41120.0	668.0	-0.71715754	4.05817652
41120.0	669.0	-0.30421984	4.21120501
41130.0	666.0	1.23918104	-0.62927914
41130.0	667.0	-0.74865079	2.38155127
41130.0	668.0	-0.70865077	4.06155157
41130.0	669.0	-0.29580528	4.21326017
41140.0	666.0	1.25194633	-0.62425417
41140.0	667.0	-0.74035221	2.38464832
41140.0	668.0	-0.70035219	4.06464863
41140.0	669.0	-0.28875321	4.21541977
41150.0	666.0	1.25826001	-0.62541431
41150.0	667.0	-0.73463899	2.384516
41150.0	668.0	-0.69463897	4.06451607
41150.0	669.0	-0.28404814	4.21490479
41160.0	666.0	1.26226532	-0.62569535
41160.0	667.0	-0.72934532	2.38285995
41160.0	668.0	-0.68934524	4.06286001
41160.0	669.0	-0.27993697	4.2139225
41170.0	666.0	1.2671895	-0.63408875
41170.0	667.0	-0.72456932	2.37654018
41170.0	668.0	-0.68456936	4.05654001
41170.0	669.0	-0.2750302	4.21191502
41180.0	666.0	1.26935756	-0.63356662
41180.0	667.0	-0.72171384	2.37742496
41180.0	668.0	-0.68171382	4.05742502
41180.0	669.0	-0.26878828	4.21448469
41190.0	666.0	1.29535174	-0.62898874
41190.0	667.0	-0.69717306	2.38202095
41190.0	668.0	-0.65717304	4.06202078
41190.0	669.0	-0.24429102	4.21749306
41200.0	670.0	1.66202331	-0.40262702
41200.0	671.0	-0.84322125	2.35970974
41200.0	672.0	-0.80322123	4.03970957
41200.0	673.0	-0.41290167	4.11329556
41210.0	670.0	1.37043047	-0.32882553
41210.0	671.0	-0.83251631	2.36170721
41210.0	672.0	-0.79251629	4.04170704
41210.0	673.0	-0.4059073	4.11292362
41220.0	670.0	1.26090002	-0.16965404
41220.0	671.0	-0.82622129	2.36629415
41220.0	672.0	-0.78622127	4.04629421
41220.0	673.0	-0.3987613	4.1178565
41230.0	670.0	1.18816781	-0.08028993
41230.0	671.0	-0.82158601	2.36246657
41230.0	672.0	-0.78158599	4.04246664
41230.0	673.0	-0.39328113	4.11651373
41240.0	670.0	1.12539947	-0.06986842
41240.0	671.0	-0.81866109	2.36380982
41240.0	672.0	-0.77866107	4.04380989
41240.0	673.0	-0.39003208	4.12007666
41250.0	670.0	1.11117077	-0.08345586
41250.0	671.0	-0.81008524	2.36574459
41250.0	672.0	-0.77008522	4.04574442
41250.0	673.0	-0.38133645	4.12105179
41260.0	670.0	1.09701538	-0.08991322
41260.0	671.0	-0.80176401	2.36745811
41260.0	672.0	-0.76176399	4.04745817
41260.0	673.0	-0.37258074	4.12161922
41270.0	670.0	1.09217334	-0.10333893
41270.0	671.0	-0.79340398	2.36906624
41270.0	672.0	-0.75340396	4.04906654
41270.0	673.0	-0.36465248	4.12300873
41280.0	670.0	1.09196663	-0.11688325
41280.0	671.0	-0.78596395	2.3706646
41280.0	672.0	-0.74596393	4.05066442
41280.0	673.0	-0.35634497	4.12345886
41290.0	670.0	1.09084821	-0.12089998
41290.0	671.0	-0.77917975	2.37249899
41290.0	672.0	-0.73917973	4.05249882
41290.0	673.0	-0.34724629	4.12327957
41300.0	670.0	1.09370792	-0.11873767
41300.0	671.0	-0.77092201	2.37347937
41300.0	672.0	-0.73092198	4.05347919
41300.0	673.0	-0.33804923	4.12331486
41310.0	670.0	1.10399103	-0.115688
41310.0	671.0	-0.76181269	2.37562108
41310.0	672.0	-0.72181267	4.05562115
41310.0	673.0	-0.32961112	4.12438679
41320.0	670.0	1.1086452	-0.10603747
41320.0	671.0	-0.75559258	2.3788836
41320.0	672.0	-0.71559256	4.05888367
41320.0	673.0	-0.32096946	4.12639809
41330.0	670.0	1.11967731	-0.10223636
41330.0	671.0	-0.74926758	2.38051891
41330.0	672.0	-0.70926756	4.06051874
41330.0	673.0	-0.31302714	4.12830734
41340.0	670.0	1.12343764	-0.10332069
41340.0	671.0	-0.74478376	2.38038087
41340.0	672.0	-0.70478374	4.06038094
41340.0	673.0	-0.30816898	4.12890959
41350.0	670.0	1.12712431	-0.09685105
41350.0	671.0	-0.7385909	2.38459229
41350.0	672.0	-0.69859087	4.06459236
41350.0	673.0	-0.3032974	4.12984848
41360.0	670.0	1.13727212	-0.09976593
41360.0	671.0	-0.73199648	2.3841908
41360.0	672.0	-0.69199646	4.06419086
41360.0	673.0	-0.29884422	4.12953615
41370.0	670.0	1.14059401	-0.10814431
41370.0	671.0	-0.72755229	2.37824273
41370.0	672.0	-0.68755227	4.0582428
41370.0	673.0	-0.29618371	4.12686348
41380.0	670.0	1.13429952	-0.11125281
41380.0	671.0	-0.72869176	2.37701821
41380.0	672.0	-0.68869174	4.05701828
41380.0	673.0	-0.29303759	4.12728691
41390.0	670.0	1.13880515	-0.11893642
41390.0	671.0	-0.71725684	2.37243724
41390.0	672.0	-0.67725682	4.05243731
41390.0	673.0	-0.27632895	4.12810993
41400.0	674.0	1.2020179	3.19056749
41400.0	675.0	1.76852739	3.25865436
41410.0	674.0	1.38460946	3.13314366
41410.0	675.0	2.015064	3.22415519
41420.0	674.0	1.51239634	2.96759152
41420.0	675.0	2.24063706	3.15700531
41430.0	674.0	1.78169215	2.73013306
41430.0	675.0	2.52443409	3.0548327
41440.0	674.0	2.0473392	2.45811772
41440.0	675.0	2.8682642	2.94185495
41450.0	674.0	2.3403933	2.19311333
41450.0	675.0	3.26565623	2.84532452
41460.0	674.0	2.70038629	1.93023574
41460.0	675.0	3.74363756	2.71666932
41470.0	674.0	3.03017712	1.75516021
41470.0	675.0	4.2117362	2.57732868
41480.0	674.0	3.36442351	1.66513252
41480.0	675.0	4.60549641	2.45712638
41490.0	674.0	3.81081462	1.63309002
41490.0	675.0	4.9936533	2.36518621
41500.0	674.0	4.26019955	1.63726032
41500.0	675.0	5.32677603	2.2632041
41510.0	674.0	4.74923706	1.63427651
41510.0	675.0	5.65357065	2.14058876
41520.0	674.0	5.3168087	1.61840069
41520.0	675.0	6.04171896	1.9416461
41530.0	674.0	5.94120026	1.60249341
41530.0	675.0	6.54806995	1.73180139
41540.0	674.0	6.60474777	1.55858505
41540.0	675.0	7.07886457	1.53810191
41550.0	674.0	7.27805901	1.51690972
41550.0	675.0	7.63180161	1.4016037
41560.0	674.0	7.91040421	1.43810141
41560.0	675.0	8.18176079	1.31679487
41570.0	674.0	8.48316669	1.33889818
41570.0	675.0	8.68855	1.23045349
41580.0	674.0	8.99505043	1.2401309
41580.0	675.0	9.19093418	1.15144253
41590.0	674.0	9.51041985	1.15379763
41590.0	675.0	9.70952606	1.08812022
41600.0	676.0	-1.01995444	-0.3779259
41600.0	677.0	2.23074341	3.59510708
41610.0	676.0	-1.02919173	-0.38194981
41610.0	677.0	2.5687089	3.56523132
41620.0	676.0	-1.0218755	-0.3710283
41620.0	677.0	2.88616514	3.53984165
41630.0	676.0	-1.01928818	-0.36570776
41630.0	677.0	3.18428159	3.50651574
41640.0	676.0	-1.01395118	-0.36238873
41640.0	677.0	3.58211994	3.46571851
41650.0	676.0	-1.00776076	-0.35802025
41650.0	677.0	4.03905106	3.46343303
41660.0	676.0	-1.00059283	-0.35542068
41660.0	677.0	4.55184889	3.47969627
41670.0	676.0	-0.99547738	-0.35258812
41670.0	677.0	5.10719156	3.50655508
41680.0	676.0	-0.99061579	-0.35006237
41680.0	677.0	5.67742252	3.54258347
41690.0	676.0	-0.98597789	-0.34861025
41690.0	677.0	6.22490978	3.57953572
41700.0	676.0	-0.98193854	-0.34681827
41700.0	677.0	6.75483704	3.61928892
41710.0	676.0	-0.97773606	-0.34585136
41710.0	677.0	7.28291035	3.66180444
41720.0	676.0	-0.97306323	-0.34462368
41720.0	677.0	7.8117485	3.70536876
41730.0	676.0	-0.96987301	-0.34195817
41730.0	677.0	8.35824013	3.73933172
41740.0	676.0	-0.96729034	-0.34020677
41740.0	677.0	8.95484543	3.72347617
41750.0	676.0	-0.9636997	-0.34052932
41750.0	677.0	9.60294151	3.68576217
41760.0	676.0	-0.96116406	-0.34053561
41760.0	677.0	10.19948292	3.61488748
41770.0	676.0	-0.96063709	-0.34832245
41770.0	677.0	10.71354485	3.51401162
41780.0	676.0	-0.96580517	-0.35264468
41780.0	677.0	11.15794373	3.42468929
41790.0	676.0	-0.9514395	-0.35254136
41790.0	677.0	11.6293354	3.34353614
41800.0	678.0	-1.06938493	-0.37826329
41800.0	679.0	2.24920011	2.97095108
41810.0	678.0	-1.07894397	-0.38255775
41810.0	679.0	2.58015394	2.9391675
41820.0	678.0	-1.071576	-0.36987653
41820.0	679.0	2.88825297	2.91047883
41830.0	678.0	-1.06777632	-0.36443898
41830.0	679.0	3.18760872	2.87019086
41840.0	678.0	-1.06172073	-0.36157075
41840.0	679.0	3.58950138	2.81663465
41850.0	678.0	-1.05513263	-0.35772562
41850.0	679.0	4.05226517	2.79927397
41860.0	678.0	-1.04899597	-0.35528016
41860.0	679.0	4.57302046	2.80283856
41870.0	678.0	-1.04457486	-0.35334086
41870.0	679.0	5.13273478	2.8332479
41880.0	678.0	-1.03979743	-0.35141292
41880.0	679.0	5.68542099	2.86001492
41890.0	678.0	-1.03547585	-0.34943673
41890.0	679.0	6.21860218	2.89723921
41900.0	678.0	-1.03137803	-0.34811768
41900.0	679.0	6.74235344	2.93513703
41910.0	678.0	-1.0265125	-0.34673274
41910.0	679.0	7.25871086	2.96933794
41920.0	678.0	-1.02200902	-0.34515405
41920.0	679.0	7.76894379	3.0083766
41930.0	678.0	-1.01825845	-0.34314987
41930.0	679.0	8.30914593	3.02556467
41940.0	678.0	-1.01565146	-0.34159225
41940.0	679.0	8.93562603	3.00452423
41950.0	678.0	-1.01219714	-0.34203196
41950.0	679.0	9.6120348	2.95154381
41960.0	678.0	-1.00884783	-0.34246838
41960.0	679.0	10.22631836	2.8856709
41970.0	678.0	-1.00736642	-0.3500371
41970.0	679.0	10.74909401	2.77328467
41980.0	678.0	-1.01063085	-0.35415167
41980.0	679.0	11.20105171	2.68072176
41990.0	678.0	-0.99357516	-0.35483354
41990.0	679.0	11.68338108	2.59161901
42000.0	680.0	-1.12865496	-0.36933154
42000.0	681.0	2.33725309	2.4727037
42010.0	680.0	-1.13241529	-0.37166971
42010.0	681.0	2.68748403	2.44452596
42020.0	680.0	-1.12701058	-0.35817167
42020.0	681.0	2.99858332	2.40790868
42030.0	680.0	-1.12140846	-0.35491914
42030.0	681.0	3.32014513	2.35190511
42040.0	680.0	-1.11547947	-0.35374108
42040.0	681.0	3.75587225	2.28641272
42050.0	680.0	-1.10968769	-0.34989351
42050.0	681.0	4.25280142	2.26188326
42060.0	680.0	-1.10386848	-0.34746122
42060.0	681.0	4.78763008	2.27323055
42070.0	680.0	-1.09919941	-0.34560901
42070.0	681.0	5.33243656	2.29705691
42080.0	680.0	-1.0945636	-0.34317127
42080.0	681.0	5.86728048	2.3267839
42090.0	680.0	-1.09014261	-0.34169149
42090.0	681.0	6.38543463	2.36508608
42100.0	680.0	-1.08544111	-0.33998182
42100.0	681.0	6.89281845	2.39460707
42110.0	680.0	-1.08064473	-0.33820194
42110.0	681.0	7.39049721	2.42065024
42120.0	680.0	-1.07538021	-0.33694935
42120.0	681.0	7.88896275	2.44253421
42130.0	680.0	-1.0713408	-0.3346751
42130.0	681.0	8.430933	2.45862317
42140.0	680.0	-1.0684458	-0.33268413
42140.0	681.0	9.04633808	2.42225266
42150.0	680.0	-1.06509292	-0.33242527
42150.0	681.0	9.70998955	2.38028049
42160.0	680.0	-1.06245887	-0.33191705
42160.0	681.0	10.31000137	2.32791376
42170.0	680.0	-1.05896592	-0.33924785
42170.0	681.0	10.83638763	2.23054266
42180.0	680.0	-1.06305361	-0.34276485
42180.0	681.0	11.29380608	2.15402269
42190.0	680.0	-1.04740918	-0.34419179
42190.0	681.0	11.79411697	2.07049537
42200.0	682.0	-1.17028964	-0.32018512
42200.0	683.0	2.34972692	1.86190653
42200.0	684.0	1.11919749	3.14247394
42210.0	682.0	-1.16794038	-0.32093105
42210.0	683.0	2.72061586	1.83818841
42210.0	684.0	1.44416142	3.13431382
42220.0	682.0	-1.16189539	-0.31059295
42220.0	683.0	3.0287776	1.80241203
42220.0	684.0	1.72533941	3.12379241
42230.0	682.0	-1.15572488	-0.30908936
42230.0	683.0	3.36909246	1.73430979
42230.0	684.0	2.02036166	3.08645535
42240.0	682.0	-1.15090632	-0.30714858
42240.0	683.0	3.80983877	1.66441894
42240.0	684.0	2.38291931	3.04150486
42250.0	682.0	-1.14521217	-0.30375171
42250.0	683.0	4.30812073	1.64058733
42250.0	684.0	2.76903605	3.03271985
42260.0	682.0	-1.13943791	-0.30180162
42260.0	683.0	4.81827831	1.64000928
42260.0	684.0	3.18442392	3.03750348
42270.0	682.0	-1.13464272	-0.29984578
42270.0	683.0	5.33907127	1.6481173
42270.0	684.0	3.63208818	3.04563785
42280.0	682.0	-1.12952435	-0.29778141
42280.0	683.0	5.84147453	1.65666091
42280.0	684.0	4.0890131	3.05061603
42290.0	682.0	-1.1243192	-0.29620212
42290.0	683.0	6.31786013	1.67065597
42290.0	684.0	4.55299473	3.06382465
42300.0	682.0	-1.11935389	-0.29408577
42300.0	683.0	6.792202	1.68735802
42300.0	684.0	5.03094769	3.08237815
42310.0	682.0	-1.11365366	-0.29234308
42310.0	683.0	7.27250195	1.70280886
42310.0	684.0	5.52022076	3.10752964
42320.0	682.0	-1.10791147	-0.29043904
42320.0	683.0	7.77921772	1.7305367
42320.0	684.0	6.03613377	3.15460229
42330.0	682.0	-1.10337949	-0.28756729
42330.0	683.0	8.34428406	1.7327615
42330.0	684.0	6.59905672	3.17822862
42340.0	682.0	-1.09911287	-0.28533968
42340.0	683.0	8.97139263	1.70033801
42340.0	684.0	7.2234354	3.1766715
42350.0	682.0	-1.09203053	-0.28611267
42350.0	683.0	9.6172266	1.66696846
42350.0	684.0	7.89729452	3.16593719
42360.0	682.0	-1.0888555	-0.28543103
42360.0	683.0	10.19547653	1.58255053
42360.0	684.0	8.52543354	3.10558677
42370.0	682.0	-1.08518767	-0.29147413
42370.0	683.0	10.69919491	1.463094
42370.0	684.0	9.06195545	3.00666308
42380.0	682.0	-1.08515358	-0.29379559
42380.0	683.0	11.16192341	1.34361315
42380.0	684.0	9.54344273	2.89996672
42390.0	682.0	-1.06670332	-0.29359901
42390.0	683.0	11.72323895	1.23602057
42390.0	684.0	10.10493183	2.80866575
42400.0	685.0	-1.21240926	-0.2628569
42400.0	686.0	1.12229419	2.64222288
42410.0	685.0	-1.20223415	-0.26205152
42410.0	686.0	1.43471479	2.62594724
42420.0	685.0	-1.19519293	-0.25438142
42420.0	686.0	1.70520961	2.61912441
42430.0	685.0	-1.18858087	-0.25486758
42430.0	686.0	1.98397648	2.58217907
42440.0	685.0	-1.18553054	-0.25338483
42440.0	686.0	2.32813454	2.5403161
42450.0	685.0	-1.17975521	-0.25033921
42450.0	686.0	2.73925352	2.53847504
42460.0	685.0	-1.17404008	-0.24781808
42460.0	686.0	3.19327641	2.56056309
42470.0	685.0	-1.16864371	-0.24548502
42470.0	686.0	3.66541433	2.58798099
42480.0	685.0	-1.16266382	-0.2434583
42480.0	686.0	4.16113758	2.61623883
42490.0	685.0	-1.15744972	-0.24027039
42490.0	686.0	4.65492821	2.64697433
42500.0	685.0	-1.15196145	-0.23791903
42500.0	686.0	5.14466667	2.66993928
42510.0	685.0	-1.1453836	-0.23673061
42510.0	686.0	5.6588707	2.68808484
42520.0	685.0	-1.14004958	-0.23411034
42520.0	686.0	6.19122505	2.72050834
42530.0	685.0	-1.13598716	-0.23142117
42530.0	686.0	6.7455225	2.72954059
42540.0	685.0	-1.13255286	-0.23008455
42540.0	686.0	7.35354853	2.71450639
42550.0	685.0	-1.12727213	-0.23023404
42550.0	686.0	7.98694563	2.69036961
42560.0	685.0	-1.12678933	-0.23024087
42560.0	686.0	8.58230019	2.62322497
42570.0	685.0	-1.11973333	-0.23883575
42570.0	686.0	9.13085747	2.51781392
42580.0	685.0	-1.11963081	-0.24118684
42580.0	686.0	9.65816212	2.40785766
42590.0	685.0	-1.09837174	-0.24052687
42590.0	686.0	10.22685528	2.31270027
42600.0	687.0	-1.2115941	-0.24349937
42600.0	688.0	1.10741937	2.09843731
42610.0	687.0	-1.200804	-0.2421547
42610.0	688.0	1.42100203	2.08159041
42620.0	687.0	-1.19459188	-0.23497094
42620.0	688.0	1.68981171	2.06228828
42630.0	687.0	-1.18833554	-0.23647778
42630.0	688.0	1.96763062	2.00639033
42640.0	687.0	-1.18548703	-0.23465617
42640.0	688.0	2.34081841	1.95164323
42650.0	687.0	-1.17957401	-0.23134305
42650.0	688.0	2.76202726	1.9421159
42660.0	687.0	-1.17355239	-0.22891176
42660.0	688.0	3.21367979	1.95707977
42670.0	687.0	-1.1676451	-0.2270491
42670.0	688.0	3.70325565	1.97571313
42680.0	687.0	-1.16227221	-0.22378327
42680.0	688.0	4.19838953	1.99990058
42690.0	687.0	-1.15670884	-0.22125611
42690.0	688.0	4.68840456	2.02124
42700.0	687.0	-1.15031564	-0.21965209
42700.0	688.0	5.19736099	2.03883696
42710.0	687.0	-1.14472914	-0.21699117
42710.0	688.0	5.72072315	2.07295513
42720.0	687.0	-1.1389792	-0.21544144
42720.0	688.0	6.23696613	2.1073637
42730.0	687.0	-1.13411343	-0.21335913
42730.0	688.0	6.79714918	2.12683296
42740.0	687.0	-1.13031709	-0.21037589
42740.0	688.0	7.40767622	2.11765432
42750.0	687.0	-1.12653875	-0.20975842
42750.0	688.0	8.0508461	2.10018754
42760.0	687.0	-1.1238122	-0.20972949
42760.0	688.0	8.66090584	2.04113817
42770.0	687.0	-1.11982107	-0.21424426
42770.0	688.0	9.21330738	1.93945229
42780.0	687.0	-1.11949086	-0.21640164
42780.0	688.0	9.71158504	1.84604931
42790.0	687.0	-1.1018765	-0.21666487
42790.0	688.0	10.22167015	1.75239778
42800.0	689.0	-1.21093154	-0.23424286
42800.0	690.0	1.10921431	1.58448923
42810.0	689.0	-1.20072091	-0.23235482
42810.0	690.0	1.38054788	1.54616416
42820.0	689.0	-1.19531119	-0.22594573
42820.0	690.0	1.64482796	1.49808824
42830.0	689.0	-1.18954992	-0.2277973
42830.0	690.0	1.95237041	1.43784547
42840.0	689.0	-1.1870085	-0.226493
42840.0	690.0	2.32734585	1.39916575
42850.0	689.0	-1.1807121	-0.22337145
42850.0	690.0	2.72277069	1.40262258
42860.0	689.0	-1.17388058	-0.22025871
42860.0	690.0	3.18665552	1.43192601
42870.0	689.0	-1.16821933	-0.21671832
42870.0	690.0	3.6664567	1.47068453
42880.0	689.0	-1.16260219	-0.21433118
42880.0	690.0	4.146667	1.49807858
42890.0	689.0	-1.15627325	-0.21270052
42890.0	690.0	4.65050507	1.51732981
42900.0	689.0	-1.15073586	-0.20992984
42900.0	690.0	5.17080021	1.55156898
42910.0	689.0	-1.14459646	-0.20833468
42910.0	690.0	5.68647385	1.58677924
42920.0	689.0	-1.13915813	-0.20682809
42920.0	690.0	6.22412777	1.62285268
42930.0	689.0	-1.13470626	-0.20375055
42930.0	690.0	6.8040781	1.64526176
42940.0	689.0	-1.13128304	-0.20169637
42940.0	690.0	7.42971802	1.64668107
42950.0	689.0	-1.1263423	-0.20164344
42950.0	690.0	8.082798	1.62293565
42960.0	689.0	-1.12179136	-0.20197247
42960.0	690.0	8.69944191	1.55315387
42970.0	689.0	-1.12001228	-0.20936459
42970.0	690.0	9.20126724	1.46760094
42980.0	689.0	-1.12056959	-0.21339518
42980.0	690.0	9.66362286	1.37931836
42990.0	689.0	-1.10400248	-0.2126428
42990.0	690.0	10.18880844	1.30579674
43000.0	691.0	-1.21356344	-0.22994205
43000.0	692.0	2.59705448	-8.6238842
43010.0	691.0	-1.20324564	-0.22898507
43010.0	692.0	2.31903195	-8.54991913
43020.0	691.0	-1.19762242	-0.22370265
43020.0	692.0	2.26149893	-8.41012287
43030.0	691.0	-1.19254684	-0.2263412
43030.0	692.0	2.20406461	-8.30115223
43040.0	691.0	-1.18986702	-0.22488946
43040.0	692.0	2.15194678	-8.27764225
43050.0	691.0	-1.18297017	-0.2219587
43050.0	692.0	2.14361739	-8.27912331
43060.0	691.0	-1.1767087	-0.2196209
43060.0	692.0	2.13276243	-8.2800169
43070.0	691.0	-1.17102528	-0.21839608
43070.0	692.0	2.11993647	-8.27893353
43080.0	691.0	-1.16472125	-0.21672866
43080.0	692.0	2.10804343	-8.27331829
43090.0	691.0	-1.15759838	-0.21475847
43090.0	692.0	2.09669447	-8.26599121
43100.0	691.0	-1.14991331	-0.21279699
43100.0	692.0	2.08947039	-8.26196384
43110.0	691.0	-1.14199734	-0.21085261
43110.0	692.0	2.08271718	-8.25997925
43120.0	691.0	-1.13436985	-0.20944728
43120.0	692.0	2.0710578	-8.2582655
43130.0	691.0	-1.12696409	-0.20777659
43130.0	692.0	2.04108381	-8.27228642
43140.0	691.0	-1.12205029	-0.20586553
43140.0	692.0	1.94166279	-8.33323383
43150.0	691.0	-1.11797369	-0.20537627
43150.0	692.0	1.76408446	-8.43715954
43160.0	691.0	-1.11306274	-0.20565476
43160.0	692.0	1.48992085	-8.54796219
43170.0	691.0	-1.10994577	-0.21124421
43170.0	692.0	1.17850351	-8.62827492
43180.0	691.0	-1.10524428	-0.21540312
43180.0	692.0	0.91135359	-8.65040493
43190.0	691.0	-1.08440232	-0.21563579
43190.0	692.0	0.74576294	-8.65723896
43200.0	693.0	-1.21454382	-0.23048063
43200.0	694.0	2.48670101	-8.21486855
43210.0	693.0	-1.20279777	-0.22961183
43210.0	694.0	2.20452809	-8.13875866
43220.0	693.0	-1.19724536	-0.22386855
43220.0	694.0	2.16061926	-7.99934387
43230.0	693.0	-1.19208705	-0.22647551
43230.0	694.0	2.08194017	-7.88866711
43240.0	693.0	-1.18944848	-0.22621536
43240.0	694.0	2.00764799	-7.86377668
43250.0	693.0	-1.18306077	-0.22370023
43250.0	694.0	1.99183547	-7.86151886
43260.0	693.0	-1.17593896	-0.22142208
43260.0	694.0	1.97929621	-7.86010599
43270.0	693.0	-1.16912234	-0.21965228
43270.0	694.0	1.96690238	-7.85433483
43280.0	693.0	-1.16208005	-0.21768861
43280.0	694.0	1.95487523	-7.84651423
43290.0	693.0	-1.15447021	-0.21579613
43290.0	694.0	1.94808841	-7.84309101
43300.0	693.0	-1.14663887	-0.2138516
43300.0	694.0	1.94089603	-7.84123039
43310.0	693.0	-1.13914919	-0.21206927
43310.0	694.0	1.93145955	-7.83793688
43320.0	693.0	-1.13139105	-0.21079852
43320.0	694.0	1.92677832	-7.83949709
43330.0	693.0	-1.12442029	-0.20903067
43330.0	694.0	1.89497781	-7.85516357
43340.0	693.0	-1.11995506	-0.20642875
43340.0	694.0	1.78544497	-7.91998625
43350.0	693.0	-1.11626291	-0.20632197
43350.0	694.0	1.59724176	-8.03083038
43360.0	693.0	-1.11241639	-0.20707797
43360.0	694.0	1.30953503	-8.13625145
43370.0	693.0	-1.10848355	-0.2143406
43370.0	694.0	0.99964285	-8.21359634
43380.0	693.0	-1.10386896	-0.21601336
43380.0	694.0	0.72691047	-8.22997284
43390.0	693.0	-1.08175123	-0.21357127
43390.0	694.0	0.53476155	-8.22947407
43400.0	695.0	-1.21581817	-0.22859059
43400.0	696.0	2.45689893	-7.69487667
43410.0	695.0	-1.20468307	-0.22883472
43410.0	696.0	2.13792229	-7.62110472
43420.0	695.0	-1.2014308	-0.22160989
43420.0	696.0	2.08493853	-7.46774817
43430.0	695.0	-1.19662547	-0.22414044
43430.0	696.0	1.98624504	-7.33703661
43440.0	695.0	-1.19395065	-0.22369923
43440.0	696.0	1.90194321	-7.31137466
43450.0	695.0	-1.18704402	-0.22075263
43450.0	696.0	1.8834691	-7.30934238
43460.0	695.0	-1.17976606	-0.21818592
43460.0	696.0	1.87262535	-7.31111193
43470.0	695.0	-1.1729387	-0.21654812
43470.0	696.0	1.85909414	-7.30476809
43480.0	695.0	-1.16597784	-0.21478046
43480.0	696.0	1.85071719	-7.30164576
43490.0	695.0	-1.15835094	-0.21298149
43490.0	696.0	1.84382427	-7.3010416
43500.0	695.0	-1.15100098	-0.21120334
43500.0	696.0	1.83380878	-7.29845858
43510.0	695.0	-1.14358795	-0.20951141
43510.0	696.0	1.83079243	-7.29923201
43520.0	695.0	-1.1360594	-0.20830446
43520.0	696.0	1.82206404	-7.30619049
43530.0	695.0	-1.12915266	-0.20598207
43530.0	696.0	1.77715242	-7.32987165
43540.0	695.0	-1.12467158	-0.20432335
43540.0	696.0	1.66784465	-7.40051699
43550.0	695.0	-1.12020791	-0.20415084
43550.0	696.0	1.4840486	-7.49367714
43560.0	695.0	-1.11647737	-0.20475319
43560.0	696.0	1.22612429	-7.58684683
43570.0	695.0	-1.11312175	-0.21179278
43570.0	696.0	0.95407903	-7.66025782
43580.0	695.0	-1.11066556	-0.21436375
43580.0	696.0	0.73236322	-7.6877346
43590.0	695.0	-1.09351814	-0.21367049
43590.0	696.0	0.58639359	-7.70290518
43600.0	697.0	-1.2136606	-0.23194444
43600.0	698.0	2.48919535	-7.22538614
43610.0	697.0	-1.20180023	-0.23001234
43610.0	698.0	2.20612407	-7.14488554
43620.0	697.0	-1.19561958	-0.2243944
43620.0	698.0	2.12803173	-7.02167082
43630.0	697.0	-1.19007957	-0.22701493
43630.0	698.0	2.04114342	-6.91794014
43640.0	697.0	-1.18723488	-0.22666445
43640.0	698.0	1.96860468	-6.88320208
43650.0	697.0	-1.18034399	-0.22390887
43650.0	698.0	1.94707823	-6.87915754
43660.0	697.0	-1.17312658	-0.22113602
43660.0	698.0	1.93011642	-6.87740517
43670.0	697.0	-1.16611433	-0.21966454
43670.0	698.0	1.92118514	-6.87421799
43680.0	697.0	-1.15911102	-0.21793765
43680.0	698.0	1.91312766	-6.87333965
43690.0	697.0	-1.15186667	-0.21628347
43690.0	698.0	1.90354812	-6.87177849
43700.0	697.0	-1.1445539	-0.21458271
43700.0	698.0	1.90001452	-6.87312984
43710.0	697.0	-1.13710487	-0.21312489
43710.0	698.0	1.89634514	-6.87764502
43720.0	697.0	-1.12915111	-0.2114031
43720.0	698.0	1.89180803	-6.88392162
43730.0	697.0	-1.12182939	-0.20925689
43730.0	698.0	1.86464894	-6.90286112
43740.0	697.0	-1.11698389	-0.20677111
43740.0	698.0	1.78579807	-6.94308758
43750.0	697.0	-1.11309218	-0.20712349
43750.0	698.0	1.67608654	-7.00408173
43760.0	697.0	-1.11017478	-0.20865926
43760.0	698.0	1.50115156	-7.05775642
43770.0	697.0	-1.10761333	-0.21264249
43770.0	698.0	1.33279192	-7.10753822
43780.0	697.0	-1.10622144	-0.21337953
43780.0	698.0	1.17993736	-7.12398911
43790.0	697.0	-1.08983445	-0.21096712
43790.0	698.0	1.10505533	-7.12744999
43800.0	699.0	-1.21383703	-0.23077728
43800.0	700.0	2.46685791	-6.73320818
43810.0	699.0	-1.20181537	-0.22931601
43810.0	700.0	2.21442914	-6.66089106
43820.0	699.0	-1.19622564	-0.224051
43820.0	700.0	2.17127371	-6.53491354
43830.0	699.0	-1.19134068	-0.22745189
43830.0	700.0	2.09381032	-6.43647337
43840.0	699.0	-1.18842208	-0.22696021
43840.0	700.0	2.02185273	-6.41472197
43850.0	699.0	-1.18101001	-0.22428672
43850.0	700.0	2.00344181	-6.40680027
43860.0	699.0	-1.17297184	-0.22206526
43860.0	700.0	1.99552286	-6.40274382
43870.0	699.0	-1.16547775	-0.22018227
43870.0	700.0	1.98777914	-6.40157795
43880.0	699.0	-1.15820277	-0.21854024
43880.0	700.0	1.97800565	-6.39941835
43890.0	699.0	-1.15096045	-0.2169161
43890.0	700.0	1.97467422	-6.40088892
43900.0	699.0	-1.14355087	-0.21548256
43900.0	700.0	1.97073269	-6.40552616
43910.0	699.0	-1.13607454	-0.21325812
43910.0	700.0	1.96682286	-6.40897465
43920.0	699.0	-1.12813032	-0.21153347
43920.0	700.0	1.96543062	-6.41136885
43930.0	699.0	-1.1201179	-0.2088207
43930.0	700.0	1.96258652	-6.40356398
43940.0	699.0	-1.11508346	-0.20715874
43940.0	700.0	1.95896137	-6.40825891
43950.0	699.0	-1.11231136	-0.20648851
43950.0	700.0	1.95143974	-6.41044331
43960.0	699.0	-1.10801923	-0.20714089
43960.0	700.0	1.94095159	-6.41306782
43970.0	699.0	-1.10406697	-0.2067641
43970.0	700.0	1.93340683	-6.41492462
43980.0	699.0	-1.09997356	-0.20579375
43980.0	700.0	1.91719699	-6.41854382
43990.0	699.0	-1.08734369	-0.20641132
43990.0	700.0	1.90098023	-6.41829681
44000.0	701.0	-1.21479964	-0.22950964
44000.0	702.0	2.45259118	-6.23238564
44010.0	701.0	-1.20261872	-0.22869597
44010.0	702.0	2.19826269	-6.16498804
44020.0	701.0	-1.19759548	-0.22317021
44020.0	702.0	2.15035295	-6.03714085
44030.0	701.0	-1.19296575	-0.22631
44030.0	702.0	2.06986666	-5.93174887
44040.0	701.0	-1.18980706	-0.22586364
44040.0	702.0	1.99660134	-5.90582895
44050.0	701.0	-1.18217611	-0.22314404
44050.0	702.0	1.98350871	-5.89913464
44060.0	701.0	-1.17389166	-0.22099136
44060.0	702.0	1.97771764	-5.90165472
44070.0	701.0	-1.16691411	-0.21922958
44070.0	702.0	1.96699536	-5.90045309
44080.0	701.0	-1.1598016	-0.21772166
44080.0	702.0	1.96276331	-5.90206385
44090.0	701.0	-1.15261126	-0.21637854
44090.0	702.0	1.95884061	-5.90756369
44100.0	701.0	-1.14524174	-0.21418637
44100.0	702.0	1.95483363	-5.91106796
44110.0	701.0	-1.1374619	-0.21226226
44110.0	702.0	1.95426559	-5.9118166
44120.0	701.0	-1.12883484	-0.20978977
44120.0	702.0	1.95386195	-5.90154791
44130.0	701.0	-1.12146008	-0.20765533
44130.0	702.0	1.95520127	-5.903687
44140.0	701.0	-1.11626458	-0.20523478
44140.0	702.0	1.95181572	-5.90668488
44150.0	701.0	-1.11296177	-0.20479287
44150.0	702.0	1.93872547	-5.91246986
44160.0	701.0	-1.10741913	-0.20570993
44160.0	702.0	1.92962289	-5.91633368
44170.0	701.0	-1.10463011	-0.20776774
44170.0	702.0	1.92601752	-5.92212439
44180.0	701.0	-1.10120642	-0.20859021
44180.0	702.0	1.91655731	-5.92531061
44190.0	701.0	-1.08584845	-0.20679809
44190.0	702.0	1.91012204	-5.91880989
44200.0	703.0	-1.21192455	-0.23105389
44200.0	704.0	2.51853752	-5.76229906
44210.0	703.0	-1.19943357	-0.22890997
44210.0	704.0	2.25759053	-5.68176365
44220.0	703.0	-1.19399846	-0.22294669
44220.0	704.0	2.20180368	-5.55107307
44230.0	703.0	-1.18842673	-0.22639978
44230.0	704.0	2.12503481	-5.44829178
44240.0	703.0	-1.18564165	-0.22551349
44240.0	704.0	2.04881215	-5.42645884
44250.0	703.0	-1.17784011	-0.22324634
44250.0	704.0	2.03769779	-5.427701
44260.0	703.0	-1.17066228	-0.22143395
44260.0	704.0	2.02614355	-5.4294672
44270.0	703.0	-1.16419518	-0.21990448
44270.0	704.0	2.01979828	-5.42998266
44280.0	703.0	-1.15707386	-0.2186114
44280.0	704.0	2.01544571	-5.43575096
44290.0	703.0	-1.14973199	-0.21650626
44290.0	704.0	2.01172352	-5.44014359
44300.0	703.0	-1.14202869	-0.21455985
44300.0	704.0	2.01090884	-5.44169092
44310.0	703.0	-1.13353515	-0.21205764
44310.0	704.0	2.01019144	-5.43199062
44320.0	703.0	-1.12572038	-0.21012053
44320.0	704.0	2.01134515	-5.43457079
44330.0	703.0	-1.11903346	-0.20759994
44330.0	704.0	2.01158571	-5.4366498
44340.0	703.0	-1.11385548	-0.20569135
44340.0	704.0	2.00302362	-5.44040537
44350.0	703.0	-1.10912681	-0.20480785
44350.0	704.0	1.99969327	-5.44224167
44360.0	703.0	-1.10477531	-0.20486186
44360.0	704.0	2.00218916	-5.44113779
44370.0	703.0	-1.10038185	-0.20741566
44370.0	704.0	2.00761509	-5.44169569
44380.0	703.0	-1.09806919	-0.20751034
44380.0	704.0	2.00432444	-5.44422865
44390.0	703.0	-1.08361304	-0.20534806
44390.0	704.0	2.00101709	-5.43607759
44400.0	705.0	-1.21099377	-0.23277631
44400.0	706.0	2.54393792	-5.32789612
44400.0	707.0	-1.53171206	-6.73040771
44400.0	708.0	-1.48256075	-8.22066879
44400.0	709.0	-1.35099375	-2.68277645
44400.0	710.0	-0.51099366	3.39722371
44410.0	705.0	-1.19832098	-0.23201384
44410.0	706.0	2.28147793	-5.24682379
44410.0	707.0	-1.52102816	-6.73002577
44410.0	708.0	-1.47166157	-8.21960354
44410.0	709.0	-1.33832097	-2.68201399
44410.0	710.0	-0.49832091	3.39798617
44420.0	705.0	-1.1924125	-0.22564855
44420.0	706.0	2.20865059	-5.12508154
44420.0	707.0	-1.51481473	-6.72420311
44420.0	708.0	-1.46510708	-8.21403599
44420.0	709.0	-1.33241248	-2.67564869
44420.0	710.0	-0.49241239	3.40435147
44430.0	705.0	-1.18525791	-0.23005551
44430.0	706.0	2.12018943	-5.0388937
44430.0	707.0	-1.50858068	-6.72755432
44430.0	708.0	-1.45862484	-8.21710682
44430.0	709.0	-1.3252579	-2.68005562
44430.0	710.0	-0.48525789	3.39994454
44440.0	705.0	-1.18126714	-0.22942793
44440.0	706.0	2.04577446	-5.01723242
44440.0	707.0	-1.50545335	-6.72643232
44440.0	708.0	-1.45586503	-8.21644306
44440.0	709.0	-1.32126713	-2.6794281
44440.0	710.0	-0.48126706	3.40057206
44450.0	705.0	-1.17293668	-0.2262633
44450.0	706.0	2.0241766	-5.02492428
44450.0	707.0	-1.49791789	-6.72348309
44450.0	708.0	-1.44785678	-8.2137804
44450.0	709.0	-1.31293666	-2.67626333
44450.0	710.0	-0.47293663	3.40373683
44460.0	705.0	-1.1650666	-0.22341874
44460.0	706.0	2.01495814	-5.03092861
44460.0	707.0	-1.49182868	-6.71963167
44460.0	708.0	-1.44024885	-8.21162796
44460.0	709.0	-1.30506659	-2.67341876
44460.0	710.0	-0.46506649	3.4065814
44470.0	705.0	-1.15866446	-0.22205254
44470.0	706.0	2.00776505	-5.03762579
44470.0	707.0	-1.48559773	-6.71818733
44470.0	708.0	-1.43269193	-8.21133518
44470.0	709.0	-1.29866445	-2.67205262
44470.0	710.0	-0.45866448	3.40794754
44480.0	705.0	-1.1516279	-0.22044641
44480.0	706.0	2.00403595	-5.04103947
44480.0	707.0	-1.47591794	-6.71749496
44480.0	708.0	-1.42332697	-8.2109375
44480.0	709.0	-1.29162788	-2.6704464
44480.0	710.0	-0.45162779	3.40955377
44490.0	705.0	-1.14416754	-0.2183025
44490.0	706.0	2.00580978	-5.04186678
44490.0	707.0	-1.46425295	-6.71566248
44490.0	708.0	-1.41287422	-8.20937061
44490.0	709.0	-1.28416753	-2.66830254
44490.0	710.0	-0.44416752	3.41169763
44500.0	705.0	-1.13528967	-0.21611014
44500.0	706.0	2.00657082	-5.03512669
44500.0	707.0	-1.45133662	-6.71302557
44500.0	708.0	-1.40168929	-8.20768642
44500.0	709.0	-1.27528965	-2.66611028
44500.0	710.0	-0.43528956	3.41388988
44510.0	705.0	-1.12646174	-0.21380599
44510.0	706.0	2.00533009	-5.03661633
44510.0	707.0	-1.43984842	-6.71058226
44510.0	708.0	-1.39244139	-8.20687389
44510.0	709.0	-1.26646173	-2.66380596
44510.0	710.0	-0.42646167	3.4161942
44520.0	705.0	-1.11906731	-0.21123564
44520.0	706.0	2.00741649	-5.03626919
44520.0	707.0	-1.43330562	-6.71092987
44520.0	708.0	-1.38504171	-8.20568657
44520.0	709.0	-1.2590673	-2.66123581
44520.0	710.0	-0.41906723	3.41876435
44530.0	705.0	-1.11246479	-0.20974842
44530.0	706.0	2.00508857	-5.03244829
44530.0	707.0	-1.42972231	-6.71234322
44530.0	708.0	-1.37800789	-8.20439053
44530.0	709.0	-1.25246477	-2.65974855
44530.0	710.0	-0.41246471	3.42025161
44540.0	705.0	-1.1084379	-0.20794807
44540.0	706.0	2.00150728	-5.02966022
44540.0	707.0	-1.43010139	-6.71195364
44540.0	708.0	-1.37355089	-8.20287514
44540.0	709.0	-1.24843788	-2.65794826
44540.0	710.0	-0.40843785	3.42205191
44550.0	705.0	-1.10290444	-0.20811878
44550.0	706.0	1.99849904	-5.02698517
44550.0	707.0	-1.42457223	-6.71120024
44550.0	708.0	-1.36959398	-8.20170212
44550.0	709.0	-1.24290442	-2.65811872
44550.0	710.0	-0.40290442	3.4218812
44560.0	705.0	-1.09866238	-0.2099887
44560.0	706.0	1.99534225	-5.03870678
44560.0	707.0	-1.41549647	-6.71140194
44560.0	708.0	-1.36412477	-8.20172596
44560.0	709.0	-1.23866236	-2.65998888
44560.0	710.0	-0.39866233	3.42001128
44570.0	705.0	-1.10032594	-0.21777262
44570.0	706.0	1.96924257	-5.05780029
44570.0	707.0	-1.41417241	-6.71216488
44570.0	708.0	-1.36230612	-8.20556355
44570.0	709.0	-1.24032593	-2.66777277
44570.0	710.0	-0.40032583	3.41222739
44580.0	705.0	-1.09981573	-0.21834023
44580.0	706.0	1.93177438	-5.06593561
44580.0	707.0	-1.40785193	-6.7133894
44580.0	708.0	-1.35954046	-8.20693016
44580.0	709.0	-1.23981571	-2.66834021
44580.0	710.0	-0.39981565	3.41165996
44590.0	705.0	-1.08585596	-0.2166242
44590.0	706.0	1.91995215	-5.07116938
44590.0	707.0	-1.38975394	-6.71147013
44590.0	708.0	-1.341658	-8.20478916
44590.0	709.0	-1.22585607	-2.66662431
44590.0	710.0	-0.38585597	3.41337585
44600.0	711.0	-1.21356523	-0.23101743
44600.0	712.0	2.553262	-4.89847231
44600.0	713.0	-1.53379798	-6.72995806
44600.0	714.0	-1.48311949	-8.22136116
44600.0	715.0	-1.35356522	-2.6810174
44600.0	716.0	-0.51356512	3.39898276
44610.0	711.0	-1.20372212	-0.22983643
44610.0	712.0	2.39118934	-4.8534894
44610.0	713.0	-1.52521396	-6.7297864
44610.0	714.0	-1.47327483	-8.22107983
44610.0	715.0	-1.34372211	-2.67983651
44610.0	716.0	-0.50372213	3.40016365
44620.0	711.0	-1.19707108	-0.22555363
44620.0	712.0	2.34997964	-4.75936222
44620.0	713.0	-1.5182097	-6.7257309
44620.0	714.0	-1.46634245	-8.21663094
44620.0	715.0	-1.33707106	-2.6755538
44620.0	716.0	-0.497071	3.40444636
44630.0	711.0	-1.19153702	-0.22873802
44630.0	712.0	2.30719233	-4.70847845
44630.0	713.0	-1.51295936	-6.72821903
44630.0	714.0	-1.46058083	-8.22084999
44630.0	715.0	-1.33153701	-2.67873812
44630.0	716.0	-0.49153697	3.40126204
44640.0	711.0	-1.18764675	-0.22759511
44640.0	712.0	2.26590252	-4.69772482
44640.0	713.0	-1.50896645	-6.72672319
44640.0	714.0	-1.45561016	-8.21956158
44640.0	715.0	-1.32764673	-2.67759514
44640.0	716.0	-0.48764676	3.40240502
44650.0	711.0	-1.17991257	-0.22439942
44650.0	712.0	2.26362681	-4.7001586
44650.0	713.0	-1.50229311	-6.72218704
44650.0	714.0	-1.44700933	-8.21635532
44650.0	715.0	-1.31991243	-2.67439938
44650.0	716.0	-0.47991246	3.40560079
44660.0	711.0	-1.17292488	-0.22244295
44660.0	712.0	2.26078868	-4.70473528
44660.0	713.0	-1.49531412	-6.7200408
44660.0	714.0	-1.43799043	-8.2152195
44660.0	715.0	-1.31292486	-2.67244291
44660.0	716.0	-0.47292477	3.40755725
44670.0	711.0	-1.16558969	-0.22095978
44670.0	712.0	2.25788116	-4.70685482
44670.0	713.0	-1.48540485	-6.71945667
44670.0	714.0	-1.42821729	-8.21470737
44670.0	715.0	-1.30558968	-2.67095995
44670.0	716.0	-0.46558964	3.40904021
44680.0	711.0	-1.15822661	-0.21882054
44680.0	712.0	2.25899792	-4.70672417
44680.0	713.0	-1.47378635	-6.71762991
44680.0	714.0	-1.4177444	-8.21304703
44680.0	715.0	-1.29822659	-2.66882062
44680.0	716.0	-0.45822656	3.41117954
44690.0	711.0	-1.14929855	-0.2165675
44690.0	712.0	2.26041031	-4.69993305
44690.0	713.0	-1.46087849	-6.71492767
44690.0	714.0	-1.40648198	-8.21129704
44690.0	715.0	-1.28929853	-2.66656756
44690.0	716.0	-0.44929844	3.4134326
44700.0	711.0	-1.14024937	-0.21401396
44700.0	712.0	2.25923467	-4.70107603
44700.0	713.0	-1.44921184	-6.71241093
44700.0	714.0	-1.39704072	-8.21039486
44700.0	715.0	-1.28024936	-2.6640141
44700.0	716.0	-0.44024935	3.41598606
44710.0	711.0	-1.13259077	-0.2113044
44710.0	712.0	2.26209569	-4.70105696
44710.0	713.0	-1.44222236	-6.71274185
44710.0	714.0	-1.38940501	-8.20949459
44710.0	715.0	-1.27259076	-2.66130447
44710.0	716.0	-0.43259069	3.41869569
44720.0	711.0	-1.12582886	-0.2099939
44720.0	712.0	2.26095629	-4.69682693
44720.0	713.0	-1.43777037	-6.71417475
44720.0	714.0	-1.38246787	-8.20817184
44720.0	715.0	-1.26582885	-2.65999389
44720.0	716.0	-0.42582878	3.42000628
44730.0	711.0	-1.1205647	-0.20808804
44730.0	712.0	2.25832939	-4.69521761
44730.0	713.0	-1.43662739	-6.71373177
44730.0	714.0	-1.37834263	-8.20776558
44730.0	715.0	-1.26056457	-2.65808821
44730.0	716.0	-0.42056459	3.42191195
44740.0	711.0	-1.11679626	-0.20618945
44740.0	712.0	2.25812054	-4.6895709
44740.0	713.0	-1.43054056	-6.71126461
44740.0	714.0	-1.37492502	-8.20541477
44740.0	715.0	-1.25679624	-2.65618944
44740.0	716.0	-0.41679621	3.42381072
44750.0	711.0	-1.11024332	-0.20588681
44750.0	712.0	2.27178597	-4.68945026
44750.0	713.0	-1.42111731	-6.71222973
44750.0	714.0	-1.36526322	-8.20697308
44750.0	715.0	-1.25024331	-2.65588689
44750.0	716.0	-0.41024333	3.42411327
44760.0	711.0	-1.10210323	-0.20640907
44760.0	712.0	2.28243685	-4.68291044
44760.0	713.0	-1.41570604	-6.70924711
44760.0	714.0	-1.35642242	-8.20488167
44760.0	715.0	-1.24210322	-2.65640903
44760.0	716.0	-0.40210322	3.42359114
44770.0	711.0	-1.09751451	-0.20779499
44770.0	712.0	2.29179001	-4.68503094
44770.0	713.0	-1.40636158	-6.71058226
44770.0	714.0	-1.34273398	-8.21252632
44770.0	715.0	-1.2375145	-2.65779495
44770.0	716.0	-0.39751446	3.42220521
44780.0	711.0	-1.09421837	-0.20839037
44780.0	712.0	2.29695654	-4.68872118
44780.0	713.0	-1.39596391	-6.70915556
44780.0	714.0	-1.32785892	-8.21336937
44780.0	715.0	-1.23421836	-2.65839052
44780.0	716.0	-0.39421833	3.42160964
44790.0	711.0	-1.07823849	-0.20769612
44790.0	712.0	2.31052947	-4.68733978
44790.0	713.0	-1.36724389	-6.70741034
44790.0	714.0	-1.30099869	-8.20998383
44790.0	715.0	-1.21823847	-2.65769625
44790.0	716.0	-0.37823847	3.42230392
44800.0	717.0	-1.21104276	-0.2331035
44800.0	718.0	2.58002019	-4.45105648
44800.0	719.0	-1.51981735	-6.71856546
44800.0	720.0	-1.48144281	-8.22258949
44800.0	721.0	-1.35104275	-2.68310356
44800.0	722.0	-0.51104271	3.3968966
44810.0	717.0	-1.20048738	-0.23155676
44810.0	718.0	2.42804384	-4.39828205
44810.0	719.0	-1.51819181	-6.72497034
44810.0	720.0	-1.4712466	-8.22097301
44810.0	721.0	-1.34048736	-2.6815567
44810.0	722.0	-0.50048733	3.39844346
44820.0	717.0	-1.19269431	-0.22657616
44820.0	718.0	2.35886145	-4.33838367
44820.0	719.0	-1.51466131	-6.71786213
44820.0	720.0	-1.46329689	-8.21631145
44820.0	721.0	-1.33269429	-2.67657614
44820.0	722.0	-0.4926942	3.40342402
44830.0	717.0	-1.18528652	-0.22966978
44830.0	718.0	2.32767653	-4.30326366
44830.0	719.0	-1.51229084	-6.72068977
44830.0	720.0	-1.4560957	-8.21854496
44830.0	721.0	-1.32528651	-2.67966986
44830.0	722.0	-0.48528644	3.40033031
44840.0	717.0	-1.18170214	-0.22875394
44840.0	718.0	2.29611158	-4.28824568
44840.0	719.0	-1.5139147	-6.72519159
44840.0	720.0	-1.45276427	-8.21730614
44840.0	721.0	-1.32170212	-2.67875409
44840.0	722.0	-0.48170209	3.40124607
44850.0	717.0	-1.17499995	-0.22627337
44850.0	718.0	2.29133034	-4.29345036
44850.0	719.0	-1.50815415	-6.72810078
44850.0	720.0	-1.44551229	-8.21613407
44850.0	721.0	-1.31499994	-2.67627335
44850.0	722.0	-0.47499993	3.40372682
44860.0	717.0	-1.16668332	-0.22421275
44860.0	718.0	2.2877562	-4.29309177
44860.0	719.0	-1.49619985	-6.72542286
44860.0	720.0	-1.43585348	-8.21520615
44860.0	721.0	-1.3066833	-2.67421293
44860.0	722.0	-0.46668327	3.40578723
44870.0	717.0	-1.1591965	-0.22213842
44870.0	718.0	2.2883625	-4.29347324
44870.0	719.0	-1.48313606	-6.72297716
44870.0	720.0	-1.42607033	-8.21422195
44870.0	721.0	-1.29919648	-2.67213845
44870.0	722.0	-0.45919648	3.40786171
44880.0	717.0	-1.1505208	-0.21990189
44880.0	718.0	2.28917217	-4.28554678
44880.0	719.0	-1.47069824	-6.72024679
44880.0	720.0	-1.41561913	-8.21233273
44880.0	721.0	-1.29052079	-2.66990185
44880.0	722.0	-0.45052075	3.41009831
44890.0	717.0	-1.14148986	-0.21738681
44890.0	718.0	2.28885627	-4.28662014
44890.0	719.0	-1.45901322	-6.71774244
44890.0	720.0	-1.40608311	-8.21146774
44890.0	721.0	-1.28148985	-2.66738677
44890.0	722.0	-0.44148982	3.41261339
44900.0	717.0	-1.13398159	-0.21492051
44900.0	718.0	2.29162145	-4.28675985
44900.0	719.0	-1.45212245	-6.71811962
44900.0	720.0	-1.39867294	-8.21067142
44900.0	721.0	-1.27398157	-2.66492057
44900.0	722.0	-0.43398157	3.41507959
44910.0	717.0	-1.12695193	-0.21343723
44910.0	718.0	2.29086614	-4.28258467
44910.0	719.0	-1.44793284	-6.71939754
44910.0	720.0	-1.39226449	-8.20886517
44910.0	721.0	-1.26695192	-2.66343737
44910.0	722.0	-0.42695186	3.4165628
44920.0	717.0	-1.12116492	-0.21303445
44920.0	718.0	2.28971338	-4.28246975
44920.0	719.0	-1.44624364	-6.71963167
44920.0	720.0	-1.38672686	-8.21039391
44920.0	721.0	-1.2611649	-2.66303444
44920.0	722.0	-0.42116493	3.41696572
44930.0	717.0	-1.1162827	-0.21107653
44930.0	718.0	2.29083753	-4.27720737
44930.0	719.0	-1.43824863	-6.71703148
44930.0	720.0	-1.37940824	-8.20711803
44930.0	721.0	-1.25628269	-2.66107655
44930.0	722.0	-0.41628268	3.41892362
44940.0	717.0	-1.11041975	-0.20889609
44940.0	718.0	2.30298424	-4.27500725
44940.0	719.0	-1.42846811	-6.71573496
44940.0	720.0	-1.37161052	-8.20502186
44940.0	721.0	-1.25041974	-2.65889621
44940.0	722.0	-0.41041973	3.42110395
44950.0	717.0	-1.10308647	-0.20719209
44950.0	718.0	2.31284261	-4.26726532
44950.0	719.0	-1.4215517	-6.71202564
44950.0	720.0	-1.36110103	-8.20169735
44950.0	721.0	-1.24308658	-2.65719223
44950.0	722.0	-0.40308648	3.42280793
44960.0	717.0	-1.09912837	-0.20627528
44960.0	718.0	2.31859303	-4.26566172
44960.0	719.0	-1.41275954	-6.71056509
44960.0	720.0	-1.35282683	-8.2009697
44960.0	721.0	-1.23912835	-2.65627527
44960.0	722.0	-0.39912838	3.42372489
44970.0	717.0	-1.08752716	-0.21271807
44970.0	718.0	2.33287263	-4.28059483
44970.0	719.0	-1.40309846	-6.71371508
44970.0	720.0	-1.33943188	-8.20808697
44970.0	721.0	-1.22752714	-2.66271806
44970.0	722.0	-0.38752711	3.4172821
44980.0	717.0	-1.07862258	-0.21493241
44980.0	718.0	2.33639908	-4.28317261
44980.0	719.0	-1.39156044	-6.7122674
44980.0	720.0	-1.32990193	-8.20800018
44980.0	721.0	-1.21862257	-2.66493249
44980.0	722.0	-0.37862247	3.41506767
44990.0	717.0	-1.06294882	-0.21395823
44990.0	718.0	2.35493708	-4.28608227
44990.0	719.0	-1.36076415	-6.71211624
44990.0	720.0	-1.30283594	-8.20958328
44990.0	721.0	-1.20294881	-2.66395831
44990.0	722.0	-0.36294878	3.41604185
45000.0	723.0	-1.21005189	-0.23360233
45000.0	724.0	2.49842143	-4.1051259
45000.0	725.0	-1.55117953	-6.71216774
45000.0	726.0	-1.46002531	-8.22380447
45000.0	727.0	-1.35005188	-2.68360233
45000.0	728.0	-0.51005185	3.39639783
45010.0	723.0	-1.20014107	-0.23247148
45010.0	724.0	2.34131503	-4.05403948
45010.0	725.0	-1.54214489	-6.71145201
45010.0	726.0	-1.4494518	-8.22249222
45010.0	727.0	-1.34014106	-2.68247151
45010.0	728.0	-0.50014096	3.39752865
45020.0	723.0	-1.19260502	-0.22784005
45020.0	724.0	2.28691196	-3.9938693
45020.0	725.0	-1.53439236	-6.70725965
45020.0	726.0	-1.44158947	-8.21697712
45020.0	727.0	-1.332605	-2.67783999
45020.0	728.0	-0.49260494	3.40216017
45030.0	723.0	-1.18604004	-0.23080774
45030.0	724.0	2.24847269	-3.9703958
45030.0	725.0	-1.52933681	-6.70808744
45030.0	726.0	-1.43500161	-8.21952343
45030.0	727.0	-1.32604003	-2.68080783
45030.0	728.0	-0.48603997	3.39919233
45040.0	723.0	-1.18266058	-0.23022768
45040.0	724.0	2.22004938	-3.96895123
45040.0	725.0	-1.52603638	-6.70698261
45040.0	726.0	-1.43162715	-8.22010803
45040.0	727.0	-1.32266057	-2.68022776
45040.0	728.0	-0.48266053	3.39977241
45050.0	723.0	-1.1754086	-0.22749722
45050.0	724.0	2.21562624	-3.9683733
45050.0	725.0	-1.51665616	-6.70531082
45050.0	726.0	-1.42342901	-8.21842766
45050.0	727.0	-1.31540859	-2.67749739
45050.0	728.0	-0.47540852	3.40250278
45060.0	723.0	-1.16734123	-0.22515284
45060.0	724.0	2.21669698	-3.96419859
45060.0	725.0	-1.50483179	-6.70379353
45060.0	726.0	-1.41353333	-8.2174015
45060.0	727.0	-1.30734122	-2.67515302
45060.0	728.0	-0.46734118	3.40484715
45070.0	723.0	-1.15876377	-0.22277874
45070.0	724.0	2.21700215	-3.95504785
45070.0	725.0	-1.49255812	-6.70096397
45070.0	726.0	-1.40368748	-8.21524239
45070.0	727.0	-1.29876375	-2.67277884
45070.0	728.0	-0.45876369	3.40722132
45080.0	723.0	-1.14981735	-0.22039689
45080.0	724.0	2.21764016	-3.956388
45080.0	725.0	-1.48088551	-6.69850111
45080.0	726.0	-1.39415026	-8.21440887
45080.0	727.0	-1.28981733	-2.67039704
45080.0	728.0	-0.44981724	3.40960312
45090.0	723.0	-1.14212132	-0.21768484
45090.0	724.0	2.22046041	-3.95628715
45090.0	725.0	-1.47391486	-6.69874907
45090.0	726.0	-1.38642514	-8.2133007
45090.0	727.0	-1.28209245	-2.66775036
45090.0	728.0	-0.44217461	3.4121139
45100.0	723.0	-1.13535798	-0.21628821
45100.0	724.0	2.21980071	-3.95261383
45100.0	725.0	-1.46936822	-6.70021772
45100.0	726.0	-1.37973309	-8.2119894
45100.0	727.0	-1.27521181	-2.66665077
45100.0	728.0	-0.43609691	3.4138782
45110.0	723.0	-1.12953627	-0.21539815
45110.0	724.0	2.21991158	-3.95099807
45110.0	725.0	-1.46746576	-6.69995403
45110.0	726.0	-1.37416971	-8.21221161
45110.0	727.0	-1.26978195	-2.66577506
45110.0	728.0	-0.43103528	3.41361761
45120.0	723.0	-1.12387204	-0.2138409
45120.0	724.0	2.22520638	-3.94619441
45120.0	725.0	-1.45927978	-6.69765282
45120.0	726.0	-1.36736763	-8.2097187
45120.0	727.0	-1.26544297	-2.66424584
45120.0	728.0	-0.4252753	3.41521263
45130.0	723.0	-1.11789477	-0.2113082
45130.0	724.0	2.23560214	-3.94410038
45130.0	725.0	-1.44829059	-6.69646263
45130.0	726.0	-1.35944879	-8.2070446
45130.0	727.0	-1.26006746	-2.66131687
45130.0	728.0	-0.41870511	3.41695142
45140.0	723.0	-1.10930824	-0.20874996
45140.0	724.0	2.24525762	-3.93926501
45140.0	725.0	-1.44176888	-6.69081974
45140.0	726.0	-1.34954357	-8.20324421
45140.0	727.0	-1.249192	-2.65912032
45140.0	728.0	-0.40799755	3.42048192
45150.0	723.0	-1.09879184	-0.20698504
45150.0	724.0	2.25576758	-3.93529487
45150.0	725.0	-1.43169618	-6.68976593
45150.0	726.0	-1.33918357	-8.20165062
45150.0	727.0	-1.23769867	-2.65640879
45150.0	728.0	-0.39801961	3.42258143
45160.0	723.0	-1.09541488	-0.20459685
45160.0	724.0	2.26060486	-3.93771267
45160.0	725.0	-1.4251703	-6.6892662
45160.0	726.0	-1.33290398	-8.19957352
45160.0	727.0	-1.2367065	-2.65295148
45160.0	728.0	-0.39314437	3.42440057
45170.0	723.0	-1.09120917	-0.21163942
45170.0	724.0	2.26473022	-3.94799519
45170.0	725.0	-1.41872811	-6.69106817
45170.0	726.0	-1.32529545	-8.20268154
45170.0	727.0	-1.23522067	-2.6628623
45170.0	728.0	-0.38603848	3.42066288
45180.0	723.0	-1.09534097	-0.2190607
45180.0	724.0	2.26650786	-3.9571104
45180.0	725.0	-1.40885639	-6.69038391
45180.0	726.0	-1.31584656	-8.20309544
45180.0	727.0	-1.2417475	-2.67201257
45180.0	728.0	-0.37980229	3.41849923
45190.0	723.0	-1.08659816	-0.22234225
45190.0	724.0	2.28373265	-3.96130872
45190.0	725.0	-1.37931252	-6.69104719
45190.0	726.0	-1.28553426	-8.20319366
45190.0	727.0	-1.23605287	-2.67679739
45190.0	728.0	-0.35433868	3.41762877
45200.0	729.0	-1.21264875	-0.23297526
45200.0	730.0	2.3270905	-3.77800107
45200.0	731.0	-1.55217874	-6.71137905
45200.0	732.0	-1.44240046	-8.22417259
45200.0	733.0	-1.35264874	-2.68297529
45200.0	734.0	-0.5126487	3.39702487
45200.0	735.0	1.11207759	-9.99207687
45200.0	736.0	1.65720522	3.36439037
45210.0	729.0	-1.20042801	-0.23125114
45210.0	730.0	2.04032135	-3.71400023
45210.0	731.0	-1.5432483	-6.71034765
45210.0	732.0	-1.42862606	-8.22202778
45210.0	733.0	-1.34042799	-2.68125129
45210.0	734.0	-0.50042796	3.39874887
45210.0	735.0	0.78208447	-9.89994144
45210.0	736.0	1.92821801	3.29560113
45220.0	729.0	-1.19673896	-0.22451933
45220.0	730.0	1.95102859	-3.57729673
45220.0	731.0	-1.5390799	-6.70253706
45220.0	732.0	-1.42501962	-8.21494675
45220.0	733.0	-1.33673894	-2.6745193
45220.0	734.0	-0.49673891	3.40548086
45220.0	735.0	0.68884957	-9.73220921
45220.0	736.0	2.12737894	3.21953368
45230.0	729.0	-1.19093037	-0.22706988
45230.0	730.0	1.84524417	-3.46297717
45230.0	731.0	-1.53303492	-6.70405388
45230.0	732.0	-1.41946197	-8.2180357
45230.0	733.0	-1.33093035	-2.6770699
45230.0	734.0	-0.49093032	3.40293026
45230.0	735.0	0.59041268	-9.58668804
45230.0	736.0	2.38555908	3.10249496
45240.0	729.0	-1.18857837	-0.22605178
45240.0	730.0	1.73472464	-3.43107128
45240.0	731.0	-1.53016984	-6.7026906
45240.0	732.0	-1.41807747	-8.21837234
45240.0	733.0	-1.32857835	-2.67605186
45240.0	734.0	-0.48857835	3.40394831
45240.0	735.0	0.48624212	-9.52959251
45240.0	736.0	2.67687178	3.00043464
45250.0	729.0	-1.18198824	-0.22375706
45250.0	730.0	1.68553782	-3.43798566
45250.0	731.0	-1.52370203	-6.70028639
45250.0	732.0	-1.41194987	-8.21751881
45250.0	733.0	-1.32198822	-2.67375708
45250.0	734.0	-0.48198822	3.40624309
45250.0	735.0	0.45697224	-9.50762844
45250.0	736.0	3.02782297	2.94647241
45260.0	729.0	-1.17548454	-0.22123511
45260.0	730.0	1.65441036	-3.45948243
45260.0	731.0	-1.51761317	-6.69785643
45260.0	732.0	-1.40571892	-8.21542454
45260.0	733.0	-1.31548452	-2.67123508
45260.0	734.0	-0.47548452	3.40876508
45260.0	735.0	0.43561494	-9.50027847
45260.0	736.0	3.46349621	2.93033242
45270.0	729.0	-1.16845024	-0.21864834
45270.0	730.0	1.64186895	-3.46898365
45270.0	731.0	-1.51111007	-6.69565535
45270.0	732.0	-1.39861453	-8.21317768
45270.0	733.0	-1.30845022	-2.66864848
45270.0	734.0	-0.46845019	3.41135168
45270.0	735.0	0.41863549	-9.48902893
45270.0	736.0	3.92576671	2.91300631
45280.0	729.0	-1.16186833	-0.21672165
45280.0	730.0	1.64404917	-3.47232676
45280.0	731.0	-1.50507164	-6.69415236
45280.0	732.0	-1.39125597	-8.21146679
45280.0	733.0	-1.30185962	-2.66670537
45280.0	734.0	-0.46190229	3.41326046
45280.0	735.0	0.40964103	-9.48377895
45280.0	736.0	4.41958809	2.89375591
45290.0	729.0	-1.15589583	-0.21393991
45290.0	730.0	1.65158153	-3.47463179
45290.0	731.0	-1.49943912	-6.69171762
45290.0	732.0	-1.38455975	-8.20831394
45290.0	733.0	-1.29584324	-2.66389036
45290.0	734.0	-0.45606491	3.41597223
45290.0	735.0	0.39900875	-9.47872925
45290.0	736.0	4.94430161	2.87120581
45300.0	729.0	-1.15000808	-0.21211112
45300.0	730.0	1.65648413	-3.4752984
45300.0	731.0	-1.49374664	-6.69009304
45300.0	732.0	-1.37826908	-8.20614147
45300.0	733.0	-1.2898432	-2.66202736
45300.0	734.0	-0.45044252	3.41763377
45300.0	735.0	0.38504285	-9.47705364
45300.0	736.0	5.48134613	2.8540206
45310.0	729.0	-1.14377022	-0.21053454
45310.0	730.0	1.65750301	-3.47789693
45310.0	731.0	-1.48783958	-6.68874741
45310.0	732.0	-1.3718847	-8.20462513
45310.0	733.0	-1.28303862	-2.66053414
45310.0	734.0	-0.44475555	3.41885304
45310.0	735.0	0.37311155	-9.48346806
45310.0	736.0	6.03211069	2.84587479
45320.0	729.0	-1.13777924	-0.20788839
45320.0	730.0	1.65966344	-3.4778645
45320.0	731.0	-1.48199034	-6.68657637
45320.0	732.0	-1.36599588	-8.20215511
45320.0	733.0	-1.27685785	-2.65763688
45320.0	734.0	-0.43874758	3.42096639
45320.0	735.0	0.35052902	-9.49718189
45320.0	736.0	6.59905672	2.85562086
45330.0	729.0	-1.13152003	-0.20538418
45330.0	730.0	1.66352844	-3.4768424
45330.0	731.0	-1.47612059	-6.68441343
45330.0	732.0	-1.35975659	-8.19968224
45330.0	733.0	-1.27099121	-2.65512085
45330.0	734.0	-0.43241259	3.42373753
45330.0	735.0	0.2843132	-9.53089523
45330.0	736.0	7.19360971	2.87621188
45340.0	729.0	-1.1272006	-0.20316847
45340.0	730.0	1.66610956	-3.47533607
45340.0	731.0	-1.47154236	-6.68292809
45340.0	732.0	-1.35432172	-8.19760895
45340.0	733.0	-1.26622629	-2.65287757
45340.0	734.0	-0.42773697	3.42543864
45340.0	735.0	0.15985388	-9.60109997
45340.0	736.0	7.84003496	2.8923955
45350.0	729.0	-1.12321937	-0.20323439
45350.0	730.0	1.66720748	-3.47540283
45350.0	731.0	-1.46614289	-6.6837554
45350.0	732.0	-1.34815836	-8.19753265
45350.0	733.0	-1.2616297	-2.65323591
45350.0	734.0	-0.42083377	3.42396712
45350.0	735.0	-0.02309954	-9.6774044
45350.0	736.0	8.51131439	2.88989282
45360.0	729.0	-1.1200242	-0.20382085
45360.0	730.0	1.66806209	-3.47639894
45360.0	731.0	-1.46080613	-6.68310976
45360.0	732.0	-1.34218919	-8.19662476
45360.0	733.0	-1.2593919	-2.65297818
45360.0	734.0	-0.41399747	3.42533207
45360.0	735.0	-0.22512949	-9.72040272
45360.0	736.0	9.16642952	2.85301805
45370.0	729.0	-1.116256	-0.20792872
45370.0	730.0	1.66893339	-3.48229861
45370.0	731.0	-1.45309854	-6.68525457
45370.0	732.0	-1.3342849	-8.19912529
45370.0	733.0	-1.25649571	-2.65997434
45370.0	734.0	-0.40245834	3.42393422
45370.0	735.0	-0.43128324	-9.72873402
45370.0	736.0	9.79649544	2.77919912
45380.0	729.0	-1.11227834	-0.20750423
45380.0	730.0	1.66185594	-3.48635817
45380.0	731.0	-1.43984246	-6.68226004
45380.0	732.0	-1.32132483	-8.19649506
45380.0	733.0	-1.25725377	-2.66197944
45380.0	734.0	-0.37782484	3.42798233
45380.0	735.0	-0.61345589	-9.7104063
45380.0	736.0	10.39065933	2.701442
45390.0	729.0	-1.08902884	-0.20581926
45390.0	730.0	1.6642164	-3.48719168
45390.0	731.0	-1.40338159	-6.68119287
45390.0	732.0	-1.28489351	-8.19560242
45390.0	733.0	-1.23908544	-2.65981841
45390.0	734.0	-0.32875836	3.42979455
45390.0	735.0	-0.73012602	-9.70623779
45390.0	736.0	10.93137169	2.64078569
45400.0	737.0	-1.21181107	-0.23232703
45400.0	738.0	-1.55231476	-6.71116972
45400.0	739.0	-1.44084477	-8.19376469
45400.0	740.0	-1.35181105	-2.68232703
45400.0	741.0	-0.51181102	3.39767313
45400.0	742.0	1.12626934	-9.49225235
45400.0	743.0	0.66908634	-9.75213623
45410.0	737.0	-1.19966853	-0.23022364
45410.0	738.0	-1.54134071	-6.71025467
45410.0	739.0	-1.41908133	-8.19521236
45410.0	740.0	-1.33966851	-2.6802237
45410.0	741.0	-0.49966845	3.39977646
45410.0	742.0	0.89610028	-9.42634583
45410.0	743.0	0.43347707	-9.68216515
45420.0	737.0	-1.19333744	-0.22501716
45420.0	738.0	-1.53464246	-6.70506954
45420.0	739.0	-1.41234243	-8.18779469
45420.0	740.0	-1.33333743	-2.67501712
45420.0	741.0	-0.49333736	3.40498304
45420.0	742.0	0.8450377	-9.30402565
45420.0	743.0	0.38001478	-9.55652714
45430.0	737.0	-1.18775785	-0.22834633
45430.0	738.0	-1.52901113	-6.70765829
45430.0	739.0	-1.40338767	-8.19430733
45430.0	740.0	-1.32775784	-2.6783464
45430.0	741.0	-0.48775783	3.40165377
45430.0	742.0	0.77880746	-9.23509312
45430.0	743.0	0.31009316	-9.48448372
45440.0	737.0	-1.18441486	-0.22814353
45440.0	738.0	-1.52544522	-6.70710135
45440.0	739.0	-1.39920878	-8.19878006
45440.0	740.0	-1.32441485	-2.6781435
45440.0	741.0	-0.48441485	3.40185666
45440.0	742.0	0.71709108	-9.21754551
45440.0	743.0	0.24388951	-9.46779442
45450.0	737.0	-1.17766857	-0.22551723
45450.0	738.0	-1.5190773	-6.70441771
45450.0	739.0	-1.39012933	-8.19786263
45450.0	740.0	-1.31766856	-2.67551732
45450.0	741.0	-0.47766849	3.40448284
45450.0	742.0	0.70243335	-9.20377636
45450.0	743.0	0.22656643	-9.45701694
45460.0	737.0	-1.17018735	-0.22336182
45460.0	738.0	-1.5120374	-6.70235586
45460.0	739.0	-1.37924087	-8.19529915
45460.0	740.0	-1.31018734	-2.67336178
45460.0	741.0	-0.47018737	3.40663838
45460.0	742.0	0.69354159	-9.1918602
45460.0	743.0	0.21980709	-9.44769096
45470.0	737.0	-1.16310608	-0.22130537
45470.0	738.0	-1.50541186	-6.70038509
45470.0	739.0	-1.37011242	-8.19326973
45470.0	740.0	-1.30311394	-2.67129087
45470.0	741.0	-0.46309152	3.40866923
45470.0	742.0	0.68436396	-9.18350983
45470.0	743.0	0.21176943	-9.4419775
45480.0	737.0	-1.15614784	-0.21951693
45480.0	738.0	-1.49869919	-6.69861555
45480.0	739.0	-1.36251748	-8.19131565
45480.0	740.0	-1.2961601	-2.66948724
45480.0	741.0	-0.45608318	3.41040277
45480.0	742.0	0.67528415	-9.17645264
45480.0	743.0	0.20337111	-9.43799114
45490.0	737.0	-1.1492815	-0.21773273
45490.0	738.0	-1.49187243	-6.69667244
45490.0	739.0	-1.35537708	-8.18949795
45490.0	740.0	-1.28919649	-2.66775036
45490.0	741.0	-0.4494189	3.41241193
45490.0	742.0	0.66447866	-9.17141914
45490.0	743.0	0.19594803	-9.43533325
45500.0	737.0	-1.14200008	-0.21599638
45500.0	738.0	-1.48483455	-6.6947794
45500.0	739.0	-1.34801877	-8.18788624
45500.0	740.0	-1.28173053	-2.66558003
45500.0	741.0	-0.44212049	3.41420174
45500.0	742.0	0.65563345	-9.16696072
45500.0	743.0	0.19065443	-9.43401909
45510.0	737.0	-1.13448036	-0.21404207
45510.0	738.0	-1.47704792	-6.69317961
45510.0	739.0	-1.34075511	-8.18608475
45510.0	740.0	-1.27302003	-2.66350317
45510.0	741.0	-0.43358946	3.41583776
45510.0	742.0	0.64460146	-9.16436005
45510.0	743.0	0.18303508	-9.43417168
45520.0	737.0	-1.12663341	-0.21211943
45520.0	738.0	-1.46839595	-6.69172668
45520.0	739.0	-1.33276379	-8.18484688
45520.0	740.0	-1.26298594	-2.66155744
45520.0	741.0	-0.42444706	3.41800022
45520.0	742.0	0.63712192	-9.16620636
45520.0	743.0	0.17928559	-9.43407536
45530.0	737.0	-1.11916804	-0.21023457
45530.0	738.0	-1.46042049	-6.6900506
45530.0	739.0	-1.32443833	-8.18321609
45530.0	740.0	-1.25504529	-2.65920401
45530.0	741.0	-0.41612983	3.41968107
45530.0	742.0	0.62735176	-9.17632389
45530.0	743.0	0.17387208	-9.44259453
45540.0	737.0	-1.11348844	-0.20837322
45540.0	738.0	-1.45457613	-6.6890626
45540.0	739.0	-1.31782806	-8.18133926
45540.0	740.0	-1.25097418	-2.65782762
45540.0	741.0	-0.40898424	3.41993093
45540.0	742.0	0.61717576	-9.18393326
45540.0	743.0	0.16441509	-9.44970608
45550.0	737.0	-1.10940003	-0.20745438
45550.0	738.0	-1.44990075	-6.68912792
45550.0	739.0	-1.31220698	-8.18053627
45550.0	740.0	-1.24800479	-2.65762138
45550.0	741.0	-0.40256432	3.42011762
45550.0	742.0	0.60781771	-9.19585896
45550.0	743.0	0.14972728	-9.46000481
45560.0	737.0	-1.10317862	-0.20892204
45560.0	738.0	-1.44476521	-6.69085646
45560.0	739.0	-1.30645108	-8.18251038
45560.0	740.0	-1.24238884	-2.65950465
45560.0	741.0	-0.39610428	3.41771078
45560.0	742.0	0.59248537	-9.20419121
45560.0	743.0	0.13299054	-9.46837616
45570.0	737.0	-1.09844971	-0.20898557
45570.0	738.0	-1.43854928	-6.69105101
45570.0	739.0	-1.29898143	-8.18318939
45570.0	740.0	-1.23644507	-2.65932894
45570.0	741.0	-0.38564524	3.41610599
45570.0	742.0	0.57766861	-9.20953846
45570.0	743.0	0.11542761	-9.47248936
45580.0	737.0	-1.09178209	-0.20751071
45580.0	738.0	-1.42854285	-6.68764973
45580.0	739.0	-1.28849304	-8.17881012
45580.0	740.0	-1.22933352	-2.65678263
45580.0	741.0	-0.36639005	3.41973376
45580.0	742.0	0.55220383	-9.21233177
45580.0	743.0	0.09055436	-9.47455978
45590.0	737.0	-1.07407522	-0.20626292
45590.0	738.0	-1.40446126	-6.68561888
45590.0	739.0	-1.26121068	-8.17677593
45590.0	740.0	-1.20892251	-2.65528798
45590.0	741.0	-0.32834104	3.42412877
45590.0	742.0	0.52257663	-9.20660114
45590.0	743.0	0.05929303	-9.4675293
45600.0	744.0	-1.2176944	-0.23022251
45600.0	745.0	-1.5786649	-6.68921089
45600.0	746.0	-1.44739723	-8.13527012
45600.0	747.0	-1.35769439	-2.68022251
45600.0	748.0	-0.51769441	3.39977765
45610.0	744.0	-1.20859396	-0.23166122
45610.0	745.0	-1.56769502	-6.69236708
45610.0	746.0	-1.42609322	-8.13410282
45610.0	747.0	-1.34859395	-2.68166137
45610.0	748.0	-0.50859398	3.39833879
45620.0	744.0	-1.20314479	-0.22361593
45620.0	745.0	-1.56252789	-6.6827383
45620.0	746.0	-1.42173886	-8.12973499
45620.0	747.0	-1.34314477	-2.67361593
45620.0	748.0	-0.50314468	3.40638423
45630.0	744.0	-1.19538569	-0.22350734
45630.0	745.0	-1.5536896	-6.68293667
45630.0	746.0	-1.41494358	-8.13544559
45630.0	747.0	-1.33538568	-2.67350745
45630.0	748.0	-0.49538568	3.40649271
45640.0	744.0	-1.19140422	-0.22400667
45640.0	745.0	-1.54657006	-6.68811941
45640.0	746.0	-1.41042197	-8.13904381
45640.0	747.0	-1.33140421	-2.6740067
45640.0	748.0	-0.49140421	3.40599346
45650.0	744.0	-1.18463767	-0.22114956
45650.0	745.0	-1.53937328	-6.68509245
45650.0	746.0	-1.40418649	-8.1361351
45650.0	747.0	-1.32463765	-2.67114973
45650.0	748.0	-0.48463762	3.40885043
45660.0	744.0	-1.17797458	-0.21693723
45660.0	745.0	-1.52979982	-6.68012381
45660.0	746.0	-1.39415359	-8.13468456
45660.0	747.0	-1.31786966	-2.66706824
45660.0	748.0	-0.47787714	3.41283965
45670.0	744.0	-1.1699928	-0.21530199
45670.0	745.0	-1.51985538	-6.68083048
45670.0	746.0	-1.38528717	-8.13322067
45670.0	747.0	-1.30957699	-2.66556811
45670.0	748.0	-0.46996731	3.41458964
45680.0	744.0	-1.1666708	-0.21411905
45680.0	745.0	-1.51257122	-6.67806673
45680.0	746.0	-1.37897897	-8.13188648
45680.0	747.0	-1.30595469	-2.66412258
45680.0	748.0	-0.46675998	3.41545105
45690.0	744.0	-1.16093564	-0.2077374
45690.0	745.0	-1.49950552	-6.67364883
45690.0	746.0	-1.37023747	-8.12892246
45690.0	747.0	-1.30195451	-2.65859985
45690.0	748.0	-0.46013838	3.42146516
45700.0	744.0	-1.1521641	-0.20668289
45700.0	745.0	-1.49021292	-6.67098141
45700.0	746.0	-1.3612076	-8.1245985
45700.0	747.0	-1.29383624	-2.65915942
45700.0	748.0	-0.45090854	3.42151332
45710.0	744.0	-1.14430714	-0.20455533
45710.0	745.0	-1.48272586	-6.66940641
45710.0	746.0	-1.3508954	-8.12196159
45710.0	747.0	-1.29040265	-2.65822434
45710.0	748.0	-0.44435829	3.42631531
45720.0	744.0	-1.13825965	-0.19911167
45720.0	745.0	-1.47747481	-6.66836739
45720.0	746.0	-1.3410759	-8.11889744
45720.0	747.0	-1.28314281	-2.65419531
45720.0	748.0	-0.43882912	3.42832327
45730.0	744.0	-1.13206255	-0.19881374
45730.0	745.0	-1.47108245	-6.66755342
45730.0	746.0	-1.33540535	-8.11630058
45730.0	747.0	-1.27788675	-2.65364885
45730.0	748.0	-0.43030113	3.42751193
45740.0	744.0	-1.12662721	-0.19903713
45740.0	745.0	-1.46594787	-6.66567564
45740.0	746.0	-1.33186543	-8.11457634
45740.0	747.0	-1.26898289	-2.65526819
45740.0	748.0	-0.42393839	3.42942667
45750.0	744.0	-1.1269486	-0.19639288
45750.0	745.0	-1.4646939	-6.66277313
45750.0	746.0	-1.32864046	-8.11581326
45750.0	747.0	-1.26485121	-2.65691137
45750.0	748.0	-0.42486033	3.4270618
45760.0	744.0	-1.12130928	-0.20141584
45760.0	745.0	-1.46055162	-6.66446447
45760.0	746.0	-1.321666	-8.11694145
45760.0	747.0	-1.25541043	-2.66333199
45760.0	748.0	-0.41917139	3.42037272
45770.0	744.0	-1.11617911	-0.20675084
45770.0	745.0	-1.45636451	-6.66868448
45770.0	746.0	-1.31057525	-8.12218189
45770.0	747.0	-1.24518049	-2.67032146
45770.0	748.0	-0.40822071	3.42020655
45780.0	744.0	-1.10420728	-0.2034474
45780.0	745.0	-1.45081377	-6.66759396
45780.0	746.0	-1.28889668	-8.12085724
45780.0	747.0	-1.2263751	-2.66589642
45780.0	748.0	-0.38198814	3.42971015
45790.0	744.0	-1.0767802	-0.20095541
45790.0	745.0	-1.42990673	-6.66505909
45790.0	746.0	-1.24835491	-8.11591339
45790.0	747.0	-1.18798649	-2.664428
45790.0	748.0	-0.33706248	3.4318192
45800.0	749.0	-1.21630299	-0.23139423
45800.0	750.0	-1.57436466	-6.68167162
45800.0	751.0	-1.4439342	-8.12507629
45800.0	752.0	-1.35630298	-2.68139434
45800.0	753.0	-0.51630288	3.39860582
45810.0	749.0	-1.20477569	-0.23148142
45810.0	750.0	-1.56416953	-6.68185663
45810.0	751.0	-1.43114734	-8.12586594
45810.0	752.0	-1.34477568	-2.68148136
45810.0	753.0	-0.5047757	3.3985188
45820.0	749.0	-1.19732022	-0.22402422
45820.0	750.0	-1.55580902	-6.67475557
45820.0	751.0	-1.42246211	-8.12384129
45820.0	752.0	-1.33732021	-2.67402434
45820.0	753.0	-0.4973202	3.40597582
45830.0	749.0	-1.19061267	-0.22642139
45830.0	750.0	-1.54720271	-6.68032885
45830.0	751.0	-1.41614056	-8.12755966
45830.0	752.0	-1.33061266	-2.6764214
45830.0	753.0	-0.49061257	3.40357876
45840.0	749.0	-1.18819702	-0.22555916
45840.0	750.0	-1.54440701	-6.67920351
45840.0	751.0	-1.41308463	-8.12710476
45840.0	752.0	-1.328197	-2.67555928
45840.0	753.0	-0.488197	3.40444088
45850.0	749.0	-1.18249726	-0.22199534
45850.0	750.0	-1.53686666	-6.67494297
45850.0	751.0	-1.40407467	-8.12583065
45850.0	752.0	-1.32239223	-2.67212629
45850.0	753.0	-0.48239976	3.4077816
45860.0	749.0	-1.17404556	-0.2193539
45860.0	750.0	-1.52590358	-6.67466402
45860.0	751.0	-1.39507234	-8.1238184
45860.0	752.0	-1.31362987	-2.66962004
45860.0	753.0	-0.47402012	3.41053772
45870.0	749.0	-1.16982436	-0.21819541
45870.0	750.0	-1.51794565	-6.67191553
45870.0	751.0	-1.38858318	-8.12256432
45870.0	752.0	-1.30910826	-2.66819882
45870.0	753.0	-0.4699136	3.41137457
45880.0	749.0	-1.16440332	-0.21198422
45880.0	750.0	-1.50529563	-6.66784143
45880.0	751.0	-1.37999153	-8.11957645
45880.0	752.0	-1.30542219	-2.66284657
45880.0	753.0	-0.46360606	3.41721821
45890.0	749.0	-1.15572488	-0.21092382
45890.0	750.0	-1.49585164	-6.66514397
45890.0	751.0	-1.37092447	-8.11523247
45890.0	752.0	-1.29736829	-2.66339779
45890.0	753.0	-0.45438263	3.41729188
45900.0	749.0	-1.14804626	-0.20908891
45900.0	750.0	-1.48843861	-6.66349459
45900.0	751.0	-1.36073828	-8.11235809
45900.0	752.0	-1.29425859	-2.66170478
45900.0	753.0	-0.44794387	3.42208052
45910.0	749.0	-1.14222896	-0.2031581
45910.0	750.0	-1.48334885	-6.66221237
45910.0	751.0	-1.35079873	-8.10881805
45910.0	752.0	-1.28779364	-2.6566987
45910.0	753.0	-0.44255263	3.42456579
45920.0	749.0	-1.13532674	-0.20433077
45920.0	750.0	-1.47619653	-6.66215515
45920.0	751.0	-1.34350526	-8.10652065
45920.0	752.0	-1.282107	-2.65658903
45920.0	753.0	-0.43332744	3.42295408
45930.0	749.0	-1.128245	-0.2031199
45930.0	750.0	-1.4693774	-6.65873575
45930.0	751.0	-1.33795106	-8.10323906
45930.0	752.0	-1.27357626	-2.65751958
45930.0	753.0	-0.4261843	3.42596126
45940.0	749.0	-1.12984693	-0.19956827
45940.0	750.0	-1.46850765	-6.65469408
45940.0	751.0	-1.33602059	-8.10288334
45940.0	752.0	-1.27358735	-2.65573907
45940.0	753.0	-0.42870399	3.42569876
45950.0	749.0	-1.12589717	-0.20356014
45950.0	750.0	-1.46604204	-6.65577316
45950.0	751.0	-1.33227181	-8.10668468
45950.0	752.0	-1.2711041	-2.66144729
45950.0	753.0	-0.42475972	3.41852951
45960.0	749.0	-1.11860168	-0.20905821
45960.0	750.0	-1.46109092	-6.65904856
45960.0	751.0	-1.32652056	-8.10913277
45960.0	752.0	-1.26418734	-2.66731429
45960.0	753.0	-0.4147386	3.41677284
45970.0	749.0	-1.11372638	-0.21055351
45970.0	750.0	-1.45765054	-6.66156149
45970.0	751.0	-1.32094932	-8.10777092
45970.0	752.0	-1.25976706	-2.66570973
45970.0	753.0	-0.40522391	3.41953254
45980.0	749.0	-1.10387993	-0.21347682
45980.0	750.0	-1.45098734	-6.66297483
45980.0	751.0	-1.31094837	-8.10506058
45980.0	752.0	-1.25157964	-2.66517186
45980.0	753.0	-0.37939984	3.41625428
45990.0	749.0	-1.07904315	-0.21300416
45990.0	750.0	-1.4290359	-6.66211271
45990.0	751.0	-1.28403759	-8.10394478
45990.0	752.0	-1.22730041	-2.66383386
45990.0	753.0	-0.33699733	3.41970372
46000.0	754.0	-1.21353781	-0.23253591
46000.0	755.0	-1.57621515	-6.68276691
46000.0	756.0	-1.44370651	-8.20372963
46000.0	757.0	-1.3535378	-2.68253589
46000.0	758.0	-0.51353776	3.39746428
46010.0	754.0	-1.20733047	-0.23139986
46010.0	755.0	-1.56556141	-6.68467188
46010.0	756.0	-1.43288386	-8.20446968
46010.0	757.0	-1.34733045	-2.68139982
46010.0	758.0	-0.50733036	3.39860034
46020.0	754.0	-1.19903076	-0.22772297
46020.0	755.0	-1.55438602	-6.68305492
46020.0	756.0	-1.42302883	-8.20297337
46020.0	757.0	-1.33903074	-2.67772293
46020.0	758.0	-0.49903077	3.40227723
46030.0	754.0	-1.19267678	-0.22737569
46030.0	755.0	-1.54875731	-6.68218946
46030.0	756.0	-1.41801643	-8.2035532
46030.0	757.0	-1.33267677	-2.67737579
46030.0	758.0	-0.49267671	3.40262437
46040.0	754.0	-1.18828535	-0.22518647
46040.0	755.0	-1.54228079	-6.67938232
46040.0	756.0	-1.41253519	-8.20267963
46040.0	757.0	-1.32818043	-2.67531753
46040.0	758.0	-0.48818785	3.40459037
46050.0	754.0	-1.17948294	-0.22109498
46050.0	755.0	-1.53142989	-6.67587757
46050.0	756.0	-1.4044981	-8.19944096
46050.0	757.0	-1.31906712	-2.67136121
46050.0	758.0	-0.47945741	3.40879679
46060.0	754.0	-1.17309368	-0.2200385
46060.0	755.0	-1.52185845	-6.67427635
46060.0	756.0	-1.39869189	-8.19937038
46060.0	757.0	-1.31239712	-2.67005277
46060.0	758.0	-0.47318283	3.40953159
46070.0	754.0	-1.16833067	-0.21451826
46070.0	755.0	-1.51242638	-6.67099953
46070.0	756.0	-1.39291596	-8.1962347
46070.0	757.0	-1.30939722	-2.66541719
46070.0	758.0	-0.46753344	3.4146843
46080.0	754.0	-1.15968549	-0.21412018
46080.0	755.0	-1.50393784	-6.66979218
46080.0	756.0	-1.38442791	-8.19305801
46080.0	757.0	-1.30138636	-2.66664124
46080.0	758.0	-0.45834321	3.41409564
46090.0	754.0	-1.1520319	-0.21231937
46090.0	755.0	-1.4979949	-6.66824961
46090.0	756.0	-1.37549531	-8.19062233
46090.0	757.0	-1.2984935	-2.6651032
46090.0	758.0	-0.45227787	3.41891527
46100.0	754.0	-1.14638913	-0.20735236
46100.0	755.0	-1.49361074	-6.66744709
46100.0	756.0	-1.36635816	-8.18739033
46100.0	757.0	-1.29230869	-2.66106009
46100.0	758.0	-0.44752359	3.4210701
46110.0	754.0	-1.1410495	-0.20701799
46110.0	755.0	-1.48799253	-6.66674185
46110.0	756.0	-1.36101055	-8.18428993
46110.0	757.0	-1.28810155	-2.66039729
46110.0	758.0	-0.4394452	3.41997147
46120.0	754.0	-1.13293874	-0.2076332
46120.0	755.0	-1.48169816	-6.66507912
46120.0	756.0	-1.35538065	-8.18271637
46120.0	757.0	-1.27837491	-2.66159797
46120.0	758.0	-0.4314765	3.42199826
46130.0	754.0	-1.13119912	-0.20333835
46130.0	755.0	-1.47844565	-6.65938044
46130.0	756.0	-1.35077083	-8.18069458
46130.0	757.0	-1.27511585	-2.65964532
46130.0	758.0	-0.43214691	3.42303061
46140.0	754.0	-1.12430716	-0.2061929
46140.0	755.0	-1.47315431	-6.65975332
46140.0	756.0	-1.34375417	-8.18141079
46140.0	757.0	-1.27215016	-2.66301203
46140.0	758.0	-0.43026251	3.41748977
46150.0	754.0	-1.11445272	-0.20801455
46150.0	755.0	-1.46192932	-6.66033745
46150.0	756.0	-1.33551693	-8.18278027
46150.0	757.0	-1.26517975	-2.66772676
46150.0	758.0	-0.42346197	3.41463113
46160.0	754.0	-1.11291206	-0.20777354
46160.0	755.0	-1.45974982	-6.66010857
46160.0	756.0	-1.332546	-8.18323231
46160.0	757.0	-1.26284766	-2.66565156
46160.0	758.0	-0.42053539	3.41852522
46170.0	754.0	-1.1179353	-0.21484764
46170.0	755.0	-1.46290207	-6.66530371
46170.0	756.0	-1.33415711	-8.18502998
46170.0	757.0	-1.26106656	-2.66822243
46170.0	758.0	-0.41777879	3.41823673
46180.0	754.0	-1.11565757	-0.21918413
46180.0	755.0	-1.46019113	-6.66852188
46180.0	756.0	-1.32936478	-8.18636799
46180.0	757.0	-1.25606382	-2.66743279
46180.0	758.0	-0.40632653	3.42163682
46190.0	754.0	-1.09616172	-0.21930748
46190.0	755.0	-1.441787	-6.66948938
46190.0	756.0	-1.30969834	-8.18542385
46190.0	757.0	-1.23209453	-2.66723084
46190.0	758.0	-0.37739459	3.42113042
