140800.0	4346.0	6.09407473	5.16951609
140800.0	4347.0	6.51916981	5.01732159
140800.0	4348.0	6.90154791	4.2296896
140800.0	4349.0	6.07367325	4.34902287
140800.0	4350.0	6.79423952	6.87528086
140810.0	4346.0	6.6323576	5.22140265
140810.0	4347.0	7.05742979	5.0691514
140810.0	4348.0	7.43992901	4.28166294
140810.0	4349.0	6.61198235	4.40095663
140810.0	4350.0	5.84078169	6.99322224
140820.0	4346.0	7.13549709	5.29223156
140820.0	4347.0	7.56059837	5.13999224
140820.0	4348.0	7.94329071	4.35248709
140820.0	4349.0	7.1152935	4.47176218
140820.0	4350.0	4.79901552	6.92793989
140830.0	4346.0	7.59361315	5.33576822
140830.0	4347.0	8.01857948	5.18353271
140830.0	4348.0	8.40140724	4.39622927
140830.0	4349.0	7.57340622	4.51541901
140830.0	4350.0	3.76600075	6.85048103
140840.0	4346.0	8.18083763	5.3948741
140840.0	4347.0	8.60590744	5.24259043
140840.0	4348.0	8.98872375	4.45520544
140840.0	4349.0	8.16073227	4.57446289
140840.0	4350.0	2.70214701	6.82214165
140850.0	4346.0	8.55110836	5.43186045
140850.0	4347.0	8.97614098	5.27956581
140850.0	4348.0	9.35924721	4.49216509
140850.0	4349.0	8.53111839	4.61151505
140850.0	4350.0	1.6988492	6.63618851
140860.0	4346.0	8.92990589	5.45341778
140860.0	4347.0	9.35498619	5.30111122
140860.0	4348.0	9.7386694	4.51350927
140860.0	4349.0	8.91025448	4.63295317
140860.0	4350.0	0.67139864	6.5612278
140870.0	4346.0	9.0407753	5.51798201
140870.0	4347.0	9.46587467	5.36567736
140870.0	4348.0	9.8501339	4.57817364
140870.0	4349.0	9.02151108	4.69752502
140870.0	4350.0	-0.3566947	6.53510571
140880.0	4346.0	8.98682308	5.51995039
140880.0	4347.0	9.41194725	5.36763811
140880.0	4348.0	9.79634666	4.58024502
140880.0	4349.0	8.96767044	4.69949484
140880.0	4350.0	-1.38890314	6.4816432
140890.0	4346.0	8.92767906	5.51590109
140890.0	4347.0	9.35280132	5.36358452
140890.0	4348.0	9.73707008	4.57627392
140890.0	4349.0	8.90843201	4.69547367
140890.0	4350.0	-2.41528463	6.42511511
140900.0	4346.0	8.86676979	5.50853539
140900.0	4347.0	9.29191589	5.35622406
140900.0	4348.0	9.6762085	4.56883764
140900.0	4349.0	8.84755516	4.68808413
140900.0	4350.0	-3.43297815	6.37112617
140910.0	4346.0	8.80369091	5.49451447
140910.0	4347.0	9.22886372	5.34222794
140910.0	4348.0	9.61312866	4.55483818
140910.0	4349.0	8.78450012	4.67409992
140910.0	4350.0	-4.44539213	6.31774139
140920.0	4346.0	8.7381134	5.45494509
140920.0	4347.0	9.16325188	5.30267429
140920.0	4348.0	9.54740715	4.51508856
140920.0	4349.0	8.71876621	4.63443375
140920.0	4350.0	-5.44925451	6.25848579
140930.0	4346.0	8.68149948	5.41204977
140930.0	4347.0	9.10666561	5.25978088
140930.0	4348.0	9.49098873	4.47228527
140930.0	4349.0	8.66223335	4.59154034
140930.0	4350.0	-6.45354128	6.16399384
140940.0	4346.0	9.05905342	5.37008142
140940.0	4347.0	9.48422432	5.21781254
140940.0	4348.0	9.86857796	4.43048239
140940.0	4349.0	9.03978539	4.54964352
140940.0	4350.0	-7.36620569	6.06646681
140950.0	4346.0	9.33912182	5.47587681
140950.0	4347.0	9.76430893	5.32360363
140950.0	4348.0	10.14842606	4.53622103
140950.0	4349.0	9.3198719	4.65550089
140950.0	4350.0	-8.21442795	5.96390581
140960.0	4346.0	9.57699203	5.43976736
140960.0	4347.0	10.00212479	5.28747511
140960.0	4348.0	10.38624096	4.50015116
140960.0	4349.0	9.55761909	4.61941814
140960.0	4350.0	-8.99964333	5.76523256
140970.0	4346.0	10.3771534	5.57761049
140970.0	4347.0	10.8022728	5.42532206
140970.0	4348.0	11.18648434	4.63814926
140970.0	4349.0	10.35791969	4.75730991
140970.0	4350.0	-9.62250328	5.52973127
140980.0	4346.0	10.9234314	5.73131227
140980.0	4347.0	11.34856892	5.57902241
140980.0	4348.0	11.73297596	4.79188871
140980.0	4349.0	10.90441322	4.91102457
140980.0	4350.0	-10.17293549	5.46118879
140990.0	4346.0	11.52447128	5.82641983
140990.0	4347.0	11.94961166	5.67414665
140990.0	4348.0	12.33429527	4.88707447
140990.0	4349.0	11.50573158	5.00619459
140990.0	4350.0	-10.5950222	5.27962685
141000.0	4351.0	6.1062727	5.19413519
141000.0	4352.0	6.53146648	5.04166937
141000.0	4353.0	6.91404963	4.25397348
141000.0	4354.0	6.08585453	4.37334633
141000.0	4355.0	6.35639572	7.0650239
141000.0	4356.0	9.67127132	12.30003643
141010.0	4351.0	6.60718298	5.26140308
141010.0	4352.0	7.03231144	5.10891962
141010.0	4353.0	7.41525269	4.32136631
141010.0	4354.0	6.58693743	4.44068289
141010.0	4355.0	5.41145849	7.17522573
141010.0	4356.0	10.27164268	12.14563751
141020.0	4351.0	7.16526079	5.31176949
141020.0	4352.0	7.59040546	5.15919781
141020.0	4353.0	7.97329569	4.37184
141020.0	4354.0	7.14507103	4.49108791
141020.0	4355.0	4.37748146	7.12961721
141020.0	4356.0	10.92122078	11.99751759
141030.0	4351.0	7.63793516	5.33551311
141030.0	4352.0	8.06304169	5.1828208
141030.0	4353.0	8.44587708	4.39565372
141030.0	4354.0	7.61771774	4.51485062
141030.0	4355.0	3.35427046	7.05851984
141030.0	4356.0	11.57529068	11.91283989
141040.0	4351.0	8.23087883	5.40633631
141040.0	4352.0	8.65613747	5.25365543
141040.0	4353.0	9.03878021	4.46637058
141040.0	4354.0	8.21072578	4.58561134
141040.0	4355.0	2.30563354	7.0241909
141040.0	4356.0	12.17171478	11.94514179
141050.0	4351.0	8.62525749	5.45368528
141050.0	4352.0	9.05048466	5.30106354
141050.0	4353.0	9.43318176	4.51376534
141050.0	4354.0	8.60518456	4.63297939
141050.0	4355.0	1.30959415	6.83627605
141050.0	4356.0	12.58009815	11.96943855
141060.0	4351.0	8.97232151	5.4836874
141060.0	4352.0	9.39757824	5.3310442
141060.0	4353.0	9.78048325	4.54366636
141060.0	4354.0	8.95238209	4.66296959
141060.0	4355.0	0.29353285	6.76034689
141060.0	4356.0	12.85861015	11.97726822
141070.0	4351.0	9.05322933	5.5404911
141070.0	4352.0	9.47851372	5.38787699
141070.0	4353.0	9.86160088	4.60055113
141070.0	4354.0	9.03353882	4.71985722
141070.0	4355.0	-0.72946692	6.72126818
141070.0	4356.0	12.76504135	12.0589962
141080.0	4351.0	8.99236774	5.54938364
141080.0	4352.0	9.41767311	5.39676332
141080.0	4353.0	9.80081367	4.60949326
141080.0	4354.0	8.97276115	4.72874212
141080.0	4355.0	-1.7540822	6.66982985
141080.0	4356.0	12.15864754	12.09975243
141090.0	4351.0	8.94197845	5.55907249
141090.0	4352.0	9.36727238	5.40645885
141090.0	4353.0	9.75039482	4.6191473
141090.0	4354.0	8.92233467	4.73841286
141090.0	4355.0	-2.75755548	6.61371994
141090.0	4356.0	11.28269577	12.09361744
141100.0	4351.0	8.88341618	5.56353283
141100.0	4352.0	9.30870152	5.41096163
141100.0	4353.0	9.69181633	4.62352705
141100.0	4354.0	8.86369705	4.74281073
141100.0	4355.0	-3.75333738	6.55497789
141100.0	4356.0	10.26288033	12.06332493
141110.0	4351.0	8.81137085	5.54698038
141110.0	4352.0	9.23668289	5.39434052
141110.0	4353.0	9.61968994	4.60684633
141110.0	4354.0	8.79163742	4.72616148
141110.0	4355.0	-4.74333429	6.48732662
141110.0	4356.0	9.2242651	11.99882317
141120.0	4351.0	8.72087765	5.45911026
141120.0	4352.0	9.14633751	5.30644321
141120.0	4353.0	9.5293026	4.51904154
141120.0	4354.0	8.70121193	4.63830709
141120.0	4355.0	-5.69468737	6.40072346
141120.0	4356.0	8.17404175	11.93252945
141130.0	4351.0	8.81800747	5.38806581
141130.0	4352.0	9.24351692	5.23541021
141130.0	4353.0	9.62673378	4.44801903
141130.0	4354.0	8.79842281	4.56728077
141130.0	4355.0	-6.51415777	6.30614471
141130.0	4356.0	7.08291578	11.90321636
141140.0	4351.0	9.17002201	5.37547302
141140.0	4352.0	9.59572792	5.22279644
141140.0	4353.0	9.97904015	4.43540287
141140.0	4354.0	9.1506443	4.55460072
141140.0	4355.0	-6.99956179	6.14130116
141140.0	4356.0	5.96086788	11.87992287
141150.0	4351.0	9.52459335	5.46565771
141150.0	4352.0	9.95054245	5.31299448
141150.0	4353.0	10.33394718	4.52538443
141150.0	4354.0	9.50552845	4.6447773
141150.0	4355.0	-7.37255621	6.11590338
141150.0	4356.0	4.82671928	11.80818272
141160.0	4351.0	9.87202072	5.4908576
141160.0	4352.0	10.29798031	5.33814716
141160.0	4353.0	10.68170452	4.55057478
141160.0	4354.0	9.8531332	4.66997623
141160.0	4355.0	-7.51591253	5.95728922
141160.0	4356.0	3.80059052	11.72959423
141170.0	4351.0	10.525877	5.64045572
141170.0	4352.0	10.95196533	5.48780584
141170.0	4353.0	11.33569813	4.7003212
141170.0	4354.0	10.50713062	4.81963825
141170.0	4355.0	-7.30801439	6.0138073
141170.0	4356.0	2.82580328	11.63051987
141180.0	4351.0	10.98539352	5.75637054
141180.0	4352.0	11.41156387	5.6037693
141180.0	4353.0	11.79544926	4.8164134
141180.0	4354.0	10.96682167	4.9356246
141180.0	4355.0	-7.23488379	6.02466822
141180.0	4356.0	1.95002031	11.4009552
141190.0	4351.0	11.55027008	5.77191687
141190.0	4352.0	11.97655582	5.61939096
141190.0	4353.0	12.36041641	4.83216238
141190.0	4354.0	11.53181648	4.95129585
141190.0	4355.0	-6.96734285	5.97276258
141190.0	4356.0	1.22365475	11.07435799
141200.0	4357.0	6.10234213	5.19459343
141200.0	4358.0	6.52757978	5.04207611
141200.0	4359.0	6.9106226	4.25442028
141200.0	4360.0	6.0821538	4.37372541
141200.0	4361.0	5.92085314	7.2207551
141200.0	4362.0	9.68880749	11.86584663
141210.0	4357.0	6.61384058	5.26434469
141210.0	4358.0	7.03896332	5.11179352
141210.0	4359.0	7.42224884	4.32421064
141210.0	4360.0	6.59375763	4.44350433
141210.0	4361.0	4.97489166	7.33336687
141210.0	4362.0	10.32003593	11.74710178
141220.0	4357.0	7.16257286	5.31604767
141220.0	4358.0	7.58769131	5.16345835
141220.0	4359.0	7.97107124	4.37601471
141220.0	4360.0	7.14256573	4.49533033
141220.0	4361.0	3.9406395	7.28920507
141220.0	4362.0	10.96623135	11.64249229
141230.0	4357.0	7.63399935	5.34036493
141230.0	4358.0	8.0590744	5.18772125
141230.0	4359.0	8.44242573	4.40045214
141230.0	4360.0	7.61390877	4.5197196
141230.0	4361.0	2.91539001	7.21387863
141230.0	4362.0	11.59193039	11.57004356
141240.0	4357.0	8.23997402	5.41210222
141240.0	4358.0	8.66512871	5.25945568
141240.0	4359.0	9.0484581	4.47223139
141240.0	4360.0	8.21991539	4.59146452
141240.0	4361.0	1.86952686	7.18492842
141240.0	4362.0	12.06281662	11.62159252
141250.0	4357.0	8.64194965	5.45751429
141250.0	4358.0	9.06704712	5.30493212
141250.0	4359.0	9.45047092	4.51768255
141250.0	4360.0	8.6219244	4.63697672
141250.0	4361.0	0.87617207	6.99542522
141250.0	4362.0	12.35029507	11.68696976
141260.0	4357.0	9.00748444	5.48122787
141260.0	4358.0	9.4325943	5.32859516
141260.0	4359.0	9.81635094	4.54118872
141260.0	4360.0	8.9876709	4.66050529
141260.0	4361.0	-0.13302708	6.90954304
141260.0	4362.0	12.39827347	11.74720955
141270.0	4357.0	9.11366177	5.54902172
141270.0	4358.0	9.53881264	5.39638996
141270.0	4359.0	9.92296124	4.60907555
141270.0	4360.0	9.09406853	4.72835827
141270.0	4361.0	-1.15405846	6.8703618
141270.0	4362.0	11.93700218	11.8396101
141280.0	4357.0	9.07076931	5.56091404
141280.0	4358.0	9.49586678	5.40829182
141280.0	4359.0	9.88014603	4.62102747
141280.0	4360.0	9.05115128	4.74027634
141280.0	4361.0	-2.16039371	6.81879139
141280.0	4362.0	11.07284355	11.83448219
141290.0	4357.0	9.0151577	5.56918144
141290.0	4358.0	9.44026661	5.41659069
141290.0	4359.0	9.82452297	4.62915707
141290.0	4360.0	8.99547005	4.74856567
141290.0	4361.0	-3.15376282	6.75997877
141290.0	4362.0	10.06337547	11.80625439
141300.0	4357.0	8.9466362	5.5608902
141300.0	4358.0	9.3716507	5.40826797
141300.0	4359.0	9.75599384	4.62077332
141300.0	4360.0	8.92681503	4.7401824
141300.0	4361.0	-4.14388084	6.69333124
141300.0	4362.0	9.02611732	11.74376392
141310.0	4357.0	8.8865881	5.5520525
141310.0	4358.0	9.31165314	5.39940119
141310.0	4359.0	9.69595718	4.61189365
141310.0	4360.0	8.86680794	4.73127985
141310.0	4361.0	-5.10332775	6.60644531
141310.0	4362.0	7.98459673	11.67804337
141320.0	4357.0	8.78658485	5.4694376
141320.0	4358.0	9.21162987	5.31679344
141320.0	4359.0	9.59593391	4.52930832
141320.0	4360.0	8.76678658	4.64868641
141320.0	4361.0	-6.02569199	6.50487328
141320.0	4362.0	6.8993988	11.65052605
141330.0	4357.0	8.84611797	5.39240503
141330.0	4358.0	9.27112484	5.23980141
141330.0	4359.0	9.65576172	4.45229912
141330.0	4360.0	8.82654476	4.57164574
141330.0	4361.0	-6.8206358	6.40671253
141330.0	4362.0	5.79204559	11.63274574
141340.0	4357.0	9.19372749	5.3847332
141340.0	4358.0	9.61879539	5.23215246
141340.0	4359.0	10.00350189	4.44471502
141340.0	4360.0	9.17427063	4.56401539
141340.0	4361.0	-7.24017239	6.24502897
141340.0	4362.0	4.68947411	11.59941769
141350.0	4357.0	9.50201893	5.47481203
141350.0	4358.0	9.92695904	5.32220364
141350.0	4359.0	10.3118248	4.53468132
141350.0	4360.0	9.48268318	4.65405083
141350.0	4361.0	-7.56752682	6.23516226
141350.0	4362.0	3.55936956	11.51849747
141360.0	4357.0	9.83085155	5.48038626
141360.0	4358.0	10.25575638	5.32775259
141360.0	4359.0	10.64071655	4.54032898
141360.0	4360.0	9.81157207	4.65969276
141360.0	4361.0	-7.60245132	6.13306618
141360.0	4362.0	2.52341318	11.43494225
141370.0	4357.0	10.48364639	5.61453581
141370.0	4358.0	10.90858459	5.46183681
141370.0	4359.0	11.29365921	4.67451477
141370.0	4360.0	10.46440792	4.79386139
141370.0	4361.0	-7.25178337	6.19268513
141370.0	4362.0	1.55146217	11.34646606
141380.0	4357.0	10.92731094	5.73861933
141380.0	4358.0	11.35217285	5.58585691
141380.0	4359.0	11.73769188	4.79859257
141380.0	4360.0	10.90826702	4.9179039
141380.0	4361.0	-7.05668736	6.23542404
141380.0	4362.0	0.66527748	11.12755966
141390.0	4357.0	11.47106934	5.75771332
141390.0	4358.0	11.89593315	5.60490799
141390.0	4359.0	12.28163528	4.81782913
141390.0	4360.0	11.45214367	4.93707514
141390.0	4361.0	-6.67983437	6.19949484
141390.0	4362.0	-0.05652332	10.80396652
141400.0	4363.0	6.11045027	5.1890955
141400.0	4364.0	6.53532696	5.03639126
141400.0	4365.0	6.91863346	4.24869251
141400.0	4366.0	6.0902009	4.36805391
141400.0	4367.0	5.47591448	7.34465122
141400.0	4368.0	9.71948242	11.42718315
141410.0	4363.0	6.61744642	5.25978994
141410.0	4364.0	7.04239511	5.10710335
141410.0	4365.0	7.42602301	4.31949139
141410.0	4366.0	6.59736443	4.43883133
141410.0	4367.0	4.52604008	7.4637289
141410.0	4368.0	10.3314743	11.36447239
141420.0	4363.0	7.15332985	5.31153727
141420.0	4364.0	7.57841873	5.1588583
141420.0	4365.0	7.96193457	4.37134886
141420.0	4366.0	7.13338566	4.49061823
141420.0	4367.0	3.48385644	7.42057037
141420.0	4368.0	10.9552002	11.2743063
141430.0	4363.0	7.63922024	5.34074545
141430.0	4364.0	8.06434631	5.18812943
141430.0	4365.0	8.44794464	4.40076017
141430.0	4366.0	7.61922836	4.51990175
141430.0	4367.0	2.45274734	7.34866667
141430.0	4368.0	11.47216511	11.23808861
141440.0	4363.0	8.2477169	5.40307665
141440.0	4364.0	8.67278767	5.25046396
141440.0	4365.0	9.05643368	4.46308851
141440.0	4366.0	8.2276783	4.5822258
141440.0	4367.0	1.39804697	7.31942225
141440.0	4368.0	11.81547737	11.36736584
141450.0	4363.0	8.66862869	5.45006561
141450.0	4364.0	9.09367371	5.29746389
141450.0	4365.0	9.47732639	4.51020002
141450.0	4366.0	8.64862919	4.62933731
141450.0	4367.0	0.40455294	7.11471748
141450.0	4368.0	11.91755867	11.44910812
141460.0	4363.0	9.04211807	5.48539829
141460.0	4364.0	9.46721745	5.33276844
141460.0	4365.0	9.85103703	4.5453372
141460.0	4366.0	9.02213955	4.66457367
141460.0	4367.0	-0.59768629	7.03098822
141460.0	4368.0	11.63028431	11.54871464
141470.0	4363.0	9.15929222	5.56031561
141470.0	4364.0	9.58440495	5.40768719
141470.0	4365.0	9.96838474	4.62024927
141470.0	4366.0	9.13943672	4.73943472
141470.0	4367.0	-1.59994841	6.98801851
141470.0	4368.0	10.88813305	11.59246635
141480.0	4363.0	9.10573101	5.57034874
141480.0	4364.0	9.53085709	5.4177227
141480.0	4365.0	9.91476822	4.63014364
141480.0	4366.0	9.0857954	4.74944592
141480.0	4367.0	-2.59543133	6.93217993
141480.0	4368.0	9.88064098	11.56253433
141490.0	4363.0	9.04132938	5.56466722
141490.0	4364.0	9.46645927	5.41204023
141490.0	4365.0	9.85034847	4.62434626
141490.0	4366.0	9.02134705	4.74362087
141490.0	4367.0	-3.58275127	6.86592531
141490.0	4368.0	8.84665203	11.49536228
141500.0	4363.0	8.98078156	5.55518579
141500.0	4364.0	9.40593147	5.40256214
141500.0	4365.0	9.78980255	4.61483192
141500.0	4366.0	8.96086121	4.7341485
141500.0	4367.0	-4.54228687	6.77879524
141500.0	4368.0	7.80677128	11.42998219
141510.0	4363.0	8.91803837	5.54872847
141510.0	4364.0	9.34317017	5.3961091
141510.0	4365.0	9.72716331	4.60843754
141510.0	4366.0	8.89816093	4.72772694
141510.0	4367.0	-5.46076298	6.68301201
141510.0	4368.0	6.72794914	11.4043417
141520.0	4363.0	8.82631683	5.48452473
141520.0	4364.0	9.25146294	5.33190584
141520.0	4365.0	9.63548374	4.54428101
141520.0	4366.0	8.8065052	4.6634717
141520.0	4367.0	-6.33040619	6.5875411
141520.0	4368.0	5.62331295	11.38728237
141530.0	4363.0	8.81263351	5.42628098
141530.0	4364.0	9.23776722	5.27366686
141530.0	4365.0	9.62198544	4.48614407
141530.0	4366.0	8.79298496	4.60528946
141530.0	4367.0	-7.06571865	6.4667716
141530.0	4368.0	4.52634239	11.35706139
141540.0	4363.0	9.09772301	5.39575338
141540.0	4364.0	9.52283096	5.24313164
141540.0	4365.0	9.90724659	4.4556036
141540.0	4366.0	9.07818794	4.57478857
141540.0	4367.0	-7.36439228	6.31910944
141540.0	4368.0	3.41419029	11.31481743
141550.0	4363.0	9.34490108	5.463305
141550.0	4364.0	9.77000618	5.3106761
141550.0	4365.0	10.15461349	4.52311611
141550.0	4366.0	9.32539749	4.64228201
141550.0	4367.0	-7.54112244	6.33546829
141550.0	4368.0	2.28513765	11.23535633
141560.0	4363.0	9.64942741	5.42842484
141560.0	4364.0	10.07453156	5.27579689
141560.0	4365.0	10.45880699	4.48823452
141560.0	4366.0	9.62972641	4.60736942
141560.0	4367.0	-7.3897028	6.270895
141560.0	4368.0	1.24357414	11.1568203
141570.0	4363.0	10.3004837	5.49882412
141570.0	4364.0	10.72560406	5.34618902
141570.0	4365.0	11.11011887	4.55878258
141570.0	4366.0	10.28081894	4.67787838
141570.0	4367.0	-6.90232182	6.29228497
141570.0	4368.0	0.26153469	11.07221222
141580.0	4363.0	10.77244949	5.64224386
141580.0	4364.0	11.19755459	5.48961115
141580.0	4365.0	11.5824604	4.70226049
141580.0	4366.0	10.75294018	4.82138681
141580.0	4367.0	-6.54586601	6.37808132
141580.0	4368.0	-0.63818741	10.85380936
141590.0	4363.0	11.30840206	5.70265007
141590.0	4364.0	11.73359871	5.55000925
141590.0	4365.0	12.11879349	4.7626996
141590.0	4366.0	11.28914261	4.881845
141590.0	4367.0	-6.12001514	6.40668726
141590.0	4368.0	-1.36898327	10.51732254
141600.0	4369.0	6.09732628	5.18924141
141600.0	4370.0	6.5222168	5.03652573
141600.0	4371.0	6.90589714	4.24885464
141600.0	4372.0	6.07727098	4.36816692
141600.0	4373.0	5.02733278	7.46824646
141600.0	4374.0	9.73747826	11.01275635
141600.0	4375.0	0.06625119	4.24040365
141610.0	4369.0	6.62140369	5.24601603
141610.0	4370.0	7.04632235	5.09327698
141610.0	4371.0	7.43031836	4.30564308
141610.0	4372.0	6.60159206	4.42493391
141610.0	4373.0	4.06223488	7.59236097
141610.0	4374.0	10.35143852	10.97079945
141610.0	4375.0	1.03614497	4.6362052
141620.0	4369.0	7.17953348	5.29488754
141620.0	4370.0	7.6044569	5.14216042
141620.0	4371.0	7.98875523	4.35473824
141620.0	4372.0	7.1599803	4.47395706
141620.0	4373.0	3.0071578	7.55160952
141620.0	4374.0	10.92444992	10.96359253
141620.0	4375.0	2.25442982	4.95716524
141630.0	4369.0	7.67773724	5.32920218
141630.0	4370.0	8.1026001	5.17651939
141630.0	4371.0	8.48689747	4.38931084
141630.0	4372.0	7.65820694	4.50846624
141630.0	4373.0	1.97294712	7.47530842
141630.0	4374.0	11.25407314	10.98480415
141630.0	4375.0	3.47490454	5.34624338
141640.0	4369.0	8.28376389	5.4035306
141640.0	4370.0	8.70875168	5.25084591
141640.0	4371.0	9.09304905	4.46370602
141640.0	4372.0	8.26433182	4.58286095
141640.0	4373.0	0.9164958	7.42800283
141640.0	4374.0	11.43720055	11.13385582
141640.0	4375.0	4.48834181	5.74169397
141650.0	4369.0	8.68879032	5.45978546
141650.0	4370.0	9.11383247	5.30709219
141650.0	4371.0	9.49803352	4.51988935
141650.0	4372.0	8.66939163	4.63909626
141650.0	4373.0	-0.07294226	7.22022009
141650.0	4374.0	11.21376801	11.21847916
141650.0	4375.0	5.56560278	5.94775391
141660.0	4369.0	9.04684544	5.49175739
141660.0	4370.0	9.47187424	5.3390131
141660.0	4371.0	9.85639477	4.5515933
141660.0	4372.0	9.02751446	4.67098236
141660.0	4373.0	-1.06824589	7.13149643
141660.0	4374.0	10.62926865	11.29065037
141660.0	4375.0	6.63195896	6.0979166
141670.0	4369.0	9.15654087	5.5562849
141670.0	4370.0	9.58141327	5.40358353
141670.0	4371.0	9.96628284	4.61623764
141670.0	4372.0	9.13727951	4.73558235
141670.0	4373.0	-2.06831264	7.08402348
141670.0	4374.0	9.68218994	11.28183365
141670.0	4375.0	7.67885494	6.25750732
141680.0	4369.0	9.10606766	5.55223417
141680.0	4370.0	9.53084755	5.39949369
141680.0	4371.0	9.91572857	4.61217737
141680.0	4372.0	9.08678341	4.73146152
141680.0	4373.0	-3.06016684	7.02187157
141680.0	4374.0	8.64733124	11.21898556
141680.0	4375.0	8.70365429	6.39981937
141690.0	4369.0	9.05964565	5.54614258
141690.0	4370.0	9.48448944	5.39343119
141690.0	4371.0	9.86935329	4.60610867
141690.0	4372.0	9.04031563	4.72534704
141690.0	4373.0	-4.02860308	6.94402742
141690.0	4374.0	7.60754681	11.15294552
141690.0	4375.0	9.71417713	6.5124073
141700.0	4369.0	9.00526047	5.53933668
141700.0	4370.0	9.43001175	5.38660812
141700.0	4371.0	9.81506062	4.59932327
141700.0	4372.0	8.98586845	4.71855736
141700.0	4373.0	-4.94236994	6.85689116
141700.0	4374.0	6.53543758	11.12589741
141700.0	4375.0	10.71759892	6.60957241
141710.0	4369.0	8.94463444	5.53378487
141710.0	4370.0	9.36936378	5.38103771
141710.0	4371.0	9.75445557	4.59376717
141710.0	4372.0	8.9251852	4.7130723
141710.0	4373.0	-5.79364347	6.7639966
141710.0	4374.0	5.44245052	11.10883904
141710.0	4375.0	11.66956615	6.70109367
141720.0	4369.0	8.8692131	5.50453568
141720.0	4370.0	9.29397869	5.35178089
141720.0	4371.0	9.67905712	4.5644722
141720.0	4372.0	8.84971905	4.68376541
141720.0	4373.0	-6.53074408	6.66990376
141720.0	4374.0	4.35782051	11.07796001
141720.0	4375.0	12.57083988	6.76496267
141730.0	4369.0	8.7830019	5.37865543
141730.0	4370.0	9.20783043	5.22583914
141730.0	4371.0	9.59292316	4.43852568
141730.0	4372.0	8.76360416	4.55778933
141730.0	4373.0	-7.15210772	6.51188183
141730.0	4374.0	3.26632452	11.03580952
141730.0	4375.0	13.4982357	6.7978673
141740.0	4369.0	8.82967567	5.28853798
141740.0	4370.0	9.25453377	5.13575697
141740.0	4371.0	9.63963318	4.34845781
141740.0	4372.0	8.81029797	4.46762085
141740.0	4373.0	-7.4703927	6.39329624
141740.0	4374.0	2.17787647	10.99201202
141740.0	4375.0	14.47793388	6.80423832
141750.0	4369.0	8.94243336	5.32784224
141750.0	4370.0	9.36740589	5.17499924
141750.0	4371.0	9.75240612	4.38762808
141750.0	4372.0	8.92322922	4.50686121
141750.0	4373.0	-7.61466932	6.4274025
141750.0	4374.0	1.06781006	10.91648293
141750.0	4375.0	15.42028522	6.83806229
141760.0	4369.0	8.98210716	5.28470087
141760.0	4370.0	9.40729237	5.13187027
141760.0	4371.0	9.79225636	4.34447098
141760.0	4372.0	8.96304131	4.46369028
141760.0	4373.0	-7.75586176	6.37584496
141760.0	4374.0	0.03832722	10.84237766
141760.0	4375.0	16.23600578	6.94849777
141770.0	4369.0	9.15338516	5.17550373
141770.0	4370.0	9.57858658	5.02265787
141770.0	4371.0	9.96365356	4.23518991
141770.0	4372.0	9.13435936	4.35452843
141770.0	4373.0	-7.70991182	6.25212622
141770.0	4374.0	-0.92292118	10.7459507
141770.0	4375.0	17.20860481	7.22836304
141780.0	4369.0	9.24947643	5.35310459
141780.0	4370.0	9.67468452	5.20029449
141780.0	4371.0	10.05997467	4.41286612
141780.0	4372.0	9.23044682	4.53220797
141780.0	4373.0	-7.64615965	6.32899666
141780.0	4374.0	-1.81078339	10.5223217
141780.0	4375.0	18.33477974	7.54954147
141790.0	4369.0	9.29628563	5.51858902
141790.0	4370.0	9.72147179	5.36585855
141790.0	4371.0	10.1071682	4.57844925
141790.0	4372.0	9.27730179	4.69774055
141790.0	4373.0	-7.70741224	6.38100624
141790.0	4374.0	-2.5271225	10.17316151
141790.0	4375.0	19.22229004	7.70000458
141800.0	4376.0	6.1449151	5.16992855
141800.0	4377.0	6.56994915	5.01702261
141800.0	4378.0	6.95331049	4.22937393
141800.0	4379.0	6.12485647	4.3486886
141800.0	4380.0	9.88888931	10.57356262
141800.0	4381.0	0.66395855	4.31685209
141800.0	4382.0	0.27166179	4.76828289
141810.0	4376.0	6.82702303	5.26160288
141810.0	4377.0	7.25201988	5.10845661
141810.0	4378.0	7.63554001	4.32162619
141810.0	4379.0	6.80695677	4.44065475
141810.0	4380.0	10.33838177	10.69144535
141810.0	4381.0	1.6072588	5.08511305
141810.0	4382.0	1.20872748	5.54001617
141820.0	4376.0	7.15570879	5.37559128
141820.0	4377.0	7.58072281	5.22232533
141820.0	4378.0	7.96464872	4.43577576
141820.0	4379.0	7.13599205	4.554739
141820.0	4380.0	10.49973297	10.84136009
141820.0	4381.0	2.79850912	5.7040472
141820.0	4382.0	2.39092731	6.17256546
141830.0	4376.0	7.65334702	5.43077183
141830.0	4377.0	8.07842255	5.27744818
141830.0	4378.0	8.46255302	4.49121809
141830.0	4379.0	7.63379765	4.61012411
141830.0	4380.0	10.66862869	10.80529118
141830.0	4381.0	3.96588087	6.23113823
141830.0	4382.0	3.55986214	6.71078539
141840.0	4376.0	8.25109196	5.47750235
141840.0	4377.0	8.67634583	5.32419968
141840.0	4378.0	9.06025505	4.53814459
141840.0	4379.0	8.23156548	4.65700483
141840.0	4380.0	10.61535454	10.89936733
141840.0	4381.0	4.95685244	6.60656357
141840.0	4382.0	4.56786633	7.10133648
141850.0	4376.0	8.57772255	5.54933167
141850.0	4377.0	9.00296879	5.39607859
141850.0	4378.0	9.38733101	4.60968828
141850.0	4379.0	8.55837059	4.72867823
141850.0	4380.0	10.26415825	10.86574173
141850.0	4381.0	5.99597836	6.76132011
141850.0	4382.0	5.63315821	7.2685051
141860.0	4376.0	9.02432251	5.54890156
141860.0	4377.0	9.44957638	5.39569902
141860.0	4378.0	9.83431435	4.60931063
141860.0	4379.0	9.0051899	4.72831154
141860.0	4380.0	9.62585449	10.94115925
141860.0	4381.0	7.12495232	6.88211107
141860.0	4382.0	6.76127243	7.39280891
141870.0	4376.0	9.32314396	5.58409357
141870.0	4377.0	9.7483654	5.43085527
141870.0	4378.0	10.13388348	4.6442771
141870.0	4379.0	9.30441093	4.76333427
141870.0	4380.0	8.64483738	10.93534279
141870.0	4381.0	8.18132687	7.01812458
141870.0	4382.0	7.80798054	7.53096199
141880.0	4376.0	9.41317749	5.60362816
141880.0	4377.0	9.83842564	5.45042515
141880.0	4378.0	10.22471237	4.66395378
141880.0	4379.0	9.39490891	4.78296471
141880.0	4380.0	7.59560442	10.86978912
141880.0	4381.0	9.21966743	7.16208649
141880.0	4382.0	8.84329796	7.67339611
141890.0	4376.0	9.41340637	5.61666393
141890.0	4377.0	9.83849049	5.46343327
141890.0	4378.0	10.22529316	4.67713594
141890.0	4379.0	9.39526939	4.79604483
141890.0	4380.0	6.51162767	10.85051727
141890.0	4381.0	10.22133923	7.27842236
141890.0	4382.0	9.86863232	7.79790115
141900.0	4376.0	9.35866833	5.63014221
141900.0	4377.0	9.78384972	5.47690296
141900.0	4378.0	10.17071915	4.69070292
141900.0	4379.0	9.34073639	4.80954933
141900.0	4380.0	5.41572475	10.83583069
141900.0	4381.0	11.23716831	7.37396336
141900.0	4382.0	10.90371227	7.90242004
141910.0	4376.0	9.28686619	5.63685799
141910.0	4377.0	9.71204758	5.48358536
141910.0	4378.0	10.09884644	4.69743633
141910.0	4379.0	9.26891613	4.81624317
141910.0	4380.0	4.33465862	10.80515575
141910.0	4381.0	12.22981358	7.45591402
141910.0	4382.0	11.89594841	8.00107956
141920.0	4376.0	9.19201183	5.60009336
141920.0	4377.0	9.61701965	5.44679022
141920.0	4378.0	10.00374794	4.66058254
141920.0	4379.0	9.17398071	4.77944851
141920.0	4380.0	3.24952507	10.76552486
141920.0	4381.0	13.17603302	7.49472809
141920.0	4382.0	12.86148071	8.0595541
141930.0	4376.0	9.10195255	5.4681015
141930.0	4377.0	9.5268898	5.31482935
141930.0	4378.0	9.91363335	4.52861977
141930.0	4379.0	9.08394241	4.64749622
141930.0	4380.0	2.1655221	10.7185297
141930.0	4381.0	14.15366077	7.51357365
141930.0	4382.0	13.83917999	8.10288239
141940.0	4376.0	9.13453293	5.37856388
141940.0	4377.0	9.55945206	5.22533751
141940.0	4378.0	9.94613171	4.43901777
141940.0	4379.0	9.11653805	4.55790377
141940.0	4380.0	1.06536102	10.67351341
141940.0	4381.0	15.14932537	7.53912544
141940.0	4382.0	14.85517693	8.14066505
141950.0	4376.0	9.23282814	5.40755367
141950.0	4377.0	9.65775108	5.25439119
141950.0	4378.0	10.04463387	4.46789455
141950.0	4379.0	9.21490574	4.58684301
141950.0	4380.0	-0.0532093	10.60105228
141950.0	4381.0	16.14537048	7.58787012
141950.0	4382.0	15.85426903	8.1764555
141960.0	4376.0	9.25824356	5.36159039
141960.0	4377.0	9.68315792	5.20847225
141960.0	4378.0	10.07002926	4.42183495
141960.0	4379.0	9.24032402	4.54078484
141960.0	4380.0	-1.07952404	10.52807617
141960.0	4381.0	17.02474213	7.74018097
141960.0	4382.0	16.71879196	8.30234718
141970.0	4376.0	9.39793491	5.25774097
141970.0	4377.0	9.82278442	5.10459948
141970.0	4378.0	10.20997429	4.31786489
141970.0	4379.0	9.38019943	4.43686581
141970.0	4380.0	-2.03873062	10.4186945
141970.0	4381.0	18.02518272	8.05208969
141970.0	4382.0	17.70565796	8.59519005
141980.0	4376.0	9.48799992	5.40472174
141980.0	4377.0	9.91281319	5.25153446
141980.0	4378.0	10.30018234	4.46496582
141980.0	4379.0	9.47034454	4.58395386
141980.0	4380.0	-2.92025757	10.18528748
141980.0	4381.0	19.15371895	8.39484596
141980.0	4382.0	18.8390522	8.93617058
141990.0	4376.0	9.50589943	5.55358267
141990.0	4377.0	9.93048859	5.40033388
141990.0	4378.0	10.31853676	4.61398935
141990.0	4379.0	9.48838139	4.73288202
141990.0	4380.0	-3.62886715	9.82370377
141990.0	4381.0	20.07902336	8.55699539
141990.0	4382.0	19.77136803	9.09856892
142000.0	4383.0	6.12652588	5.18830156
142000.0	4384.0	6.55143595	5.03540564
142000.0	4385.0	6.93537092	4.24775934
142000.0	4386.0	6.10659599	4.36707115
142000.0	4387.0	9.94189548	10.13451958
142000.0	4388.0	1.27305746	4.40431213
142000.0	4389.0	0.8749972	4.85936069
142010.0	4383.0	6.76056862	5.27426147
142010.0	4384.0	7.18547869	5.12134886
142010.0	4385.0	7.56954575	4.33381844
142010.0	4386.0	6.74081516	4.4531188
142010.0	4387.0	9.90407944	10.1947422
142010.0	4388.0	2.18174982	5.04423666
142010.0	4389.0	1.77125478	5.50948572
142020.0	4383.0	7.11238766	5.3417387
142020.0	4384.0	7.5372715	5.18879557
142020.0	4385.0	7.92196083	4.40127373
142020.0	4386.0	7.09297848	4.52057791
142020.0	4387.0	9.62900925	10.21334934
142020.0	4388.0	3.33007669	5.573493
142020.0	4389.0	2.9177103	6.06650496
142030.0	4383.0	7.57865858	5.35816479
142030.0	4384.0	8.0036335	5.20528078
142030.0	4385.0	8.38865757	4.41786337
142030.0	4386.0	7.55958748	4.5371213
142030.0	4387.0	9.17015553	10.14049244
142030.0	4388.0	4.43822193	6.02598572
142030.0	4389.0	4.03487206	6.53791761
142040.0	4383.0	8.18116188	5.38381672
142040.0	4384.0	8.60603237	5.23096848
142040.0	4385.0	8.99095917	4.44356585
142040.0	4386.0	8.16202164	4.56284189
142040.0	4387.0	8.66983128	10.10946941
142040.0	4388.0	5.39901733	6.38225031
142040.0	4389.0	5.02471733	6.91175938
142050.0	4383.0	8.50074005	5.44529867
142050.0	4384.0	8.92564774	5.29246378
142050.0	4385.0	9.31102848	4.50490618
142050.0	4386.0	8.48186684	4.62420273
142050.0	4387.0	7.91515255	10.02138138
142050.0	4388.0	6.43565464	6.54573631
142050.0	4389.0	6.06142902	7.08741331
142060.0	4383.0	8.96307564	5.44881058
142060.0	4384.0	9.38795376	5.29592228
142060.0	4385.0	9.77340794	4.50850677
142060.0	4386.0	8.94431305	4.62776327
142060.0	4387.0	6.98795366	10.01135826
142060.0	4388.0	7.48680496	6.67833233
142060.0	4389.0	7.09965992	7.22470617
142070.0	4383.0	9.18819046	5.50115871
142070.0	4384.0	9.61304665	5.34833574
142070.0	4385.0	9.9987793	4.56075668
142070.0	4386.0	9.16953659	4.68008852
142070.0	4387.0	5.96039343	9.95805645
142070.0	4388.0	8.56027794	6.80788136
142070.0	4389.0	8.17195606	7.35480118
142080.0	4383.0	9.26769733	5.51362514
142080.0	4384.0	9.69237518	5.36079264
142080.0	4385.0	10.07878876	4.57339907
142080.0	4386.0	9.24926376	4.69264984
142080.0	4387.0	4.87681007	9.93548393
142080.0	4388.0	9.55453682	6.93015671
142080.0	4389.0	9.18472481	7.48157978
142090.0	4383.0	9.26088238	5.53901196
142090.0	4384.0	9.68559074	5.38619661
142090.0	4385.0	10.07237244	4.59885693
142090.0	4386.0	9.24268818	4.71810198
142090.0	4387.0	3.78508759	9.92037201
142090.0	4388.0	10.57203197	7.03744221
142090.0	4389.0	10.22086048	7.59789181
142100.0	4383.0	9.19689369	5.54848719
142100.0	4384.0	9.62155342	5.39561129
142100.0	4385.0	10.00842571	4.60834694
142100.0	4386.0	9.1787529	4.72755623
142100.0	4387.0	2.70593405	9.88990116
142100.0	4388.0	11.57282448	7.12181902
142100.0	4389.0	11.22099781	7.70028591
142110.0	4383.0	9.12293434	5.54606342
142110.0	4384.0	9.54742241	5.39313745
142110.0	4385.0	9.93437004	4.60585213
142110.0	4386.0	9.10484505	4.72512484
142110.0	4387.0	1.62475204	9.85048008
142110.0	4388.0	12.55622864	7.18179417
142110.0	4389.0	12.22399712	7.77915478
142120.0	4383.0	9.03321171	5.51032162
142120.0	4384.0	9.45767307	5.35738182
142120.0	4385.0	9.84458542	4.57006741
142120.0	4386.0	9.01518154	4.68941641
142120.0	4387.0	0.54563046	9.80370045
142120.0	4388.0	13.5065403	7.21108007
142120.0	4389.0	13.17752457	7.83320332
142130.0	4383.0	8.93178368	5.38169241
142130.0	4384.0	9.35620499	5.22875071
142130.0	4385.0	9.74318504	4.44145203
142130.0	4386.0	8.91379738	4.56072569
142130.0	4387.0	-0.53585243	9.75525284
142130.0	4388.0	14.46783924	7.24222326
142130.0	4389.0	14.1598196	7.87354994
142140.0	4383.0	8.96876049	5.27844477
142140.0	4384.0	9.39325047	5.12550545
142140.0	4385.0	9.78032303	4.33819389
142140.0	4386.0	8.95093727	4.45746613
142140.0	4387.0	-1.62887955	9.71527767
142140.0	4388.0	15.49941826	7.2653532
142140.0	4389.0	15.1895647	7.88778687
142150.0	4383.0	9.07792187	5.30784512
142150.0	4384.0	9.50248051	5.15501165
142150.0	4385.0	9.88962555	4.36756039
142150.0	4386.0	9.06007004	4.48684359
142150.0	4387.0	-2.73856163	9.64412212
142150.0	4388.0	16.5184269	7.32740784
142150.0	4389.0	16.19025421	7.92888451
142160.0	4383.0	9.10765743	5.25672531
142160.0	4384.0	9.53219891	5.10384178
142160.0	4385.0	9.9193964	4.31631327
142160.0	4386.0	9.08991528	4.43564367
142160.0	4387.0	-3.75730705	9.5602684
142160.0	4388.0	17.3753624	7.49570417
142160.0	4389.0	17.03666496	8.0751276
142170.0	4383.0	9.27732944	5.14916468
142170.0	4384.0	9.70194435	4.99633932
142170.0	4385.0	10.08920479	4.20880127
142170.0	4386.0	9.2595787	4.32812929
142170.0	4387.0	-4.68717575	9.43504429
142170.0	4388.0	18.38176918	7.83745193
142170.0	4389.0	18.03578758	8.40829468
142180.0	4383.0	9.37297249	5.31837416
142180.0	4384.0	9.79749393	5.1656394
142180.0	4385.0	10.18515968	4.37808084
142180.0	4386.0	9.35511017	4.49747515
142180.0	4387.0	-5.55674171	9.19549561
142180.0	4388.0	19.55560112	8.21063614
142180.0	4389.0	19.21741295	8.77423954
142190.0	4383.0	9.41084099	5.4810071
142190.0	4384.0	9.83552742	5.32827377
142190.0	4385.0	10.2234745	4.54083872
142190.0	4386.0	9.39315891	4.66012383
142190.0	4387.0	-6.24571896	8.83215141
142190.0	4388.0	20.4967308	8.39636993
142190.0	4389.0	20.15962791	8.95740986
142200.0	4390.0	6.13520432	5.18685198
142200.0	4391.0	6.56016016	5.03394318
142200.0	4392.0	6.94436502	4.24625397
142200.0	4393.0	6.11566687	4.36561155
142200.0	4394.0	9.7607317	9.57192039
142200.0	4395.0	1.92616785	4.52250338
142200.0	4396.0	1.51811337	4.99522305
142210.0	4390.0	6.64966249	5.26523161
142210.0	4391.0	7.0745697	5.11232042
142210.0	4392.0	7.45890999	4.32458496
142210.0	4393.0	6.63005543	4.44393253
142210.0	4394.0	9.08543205	9.59313488
142210.0	4395.0	2.83161879	5.15518284
142210.0	4396.0	2.42026639	5.64724112
142220.0	4390.0	7.15810156	5.31902599
142220.0	4391.0	7.5829792	5.1661067
142220.0	4392.0	7.96776867	4.3784194
142220.0	4393.0	7.13880348	4.49774647
142220.0	4394.0	8.01346207	9.56339645
142220.0	4395.0	4.01560163	5.67112255
142220.0	4396.0	3.62055039	6.18913651
142230.0	4390.0	7.62868929	5.36723804
142230.0	4391.0	8.05356216	5.21434593
142230.0	4392.0	8.43869305	4.42693806
142230.0	4393.0	7.60947609	4.54616785
142230.0	4394.0	7.03015327	9.44024086
142230.0	4395.0	5.1056428	6.14070463
142230.0	4396.0	4.73419476	6.68141127
142240.0	4390.0	8.19493103	5.40769529
142240.0	4391.0	8.6197319	5.25475788
142240.0	4392.0	9.00463963	4.4674921
142240.0	4393.0	8.17552757	4.58667231
142240.0	4394.0	6.00722075	9.42007637
142240.0	4395.0	6.06678247	6.48368788
142240.0	4396.0	5.69433403	7.0410099
142250.0	4390.0	8.66114807	5.46143341
142250.0	4391.0	9.08603954	5.30845547
142250.0	4392.0	9.47082615	4.52128458
142250.0	4393.0	8.64164734	4.64046574
142250.0	4394.0	4.96067429	9.32683277
142250.0	4395.0	7.10437346	6.64117479
142250.0	4396.0	6.71910572	7.20183372
142260.0	4390.0	9.06171417	5.47968817
142260.0	4391.0	9.48655987	5.326756
142260.0	4392.0	9.87159252	4.53949261
142260.0	4393.0	9.04226017	4.65870476
142260.0	4394.0	3.94448328	9.23795891
142260.0	4395.0	8.17705536	6.74197102
142260.0	4396.0	7.78658867	7.30863285
142270.0	4390.0	9.30532551	5.532094
142270.0	4391.0	9.73011589	5.37919474
142270.0	4392.0	10.11537266	4.59204388
142270.0	4393.0	9.2857914	4.71118259
142270.0	4394.0	2.8681736	9.2024498
142270.0	4395.0	9.20553589	6.86573887
142270.0	4396.0	8.83172894	7.43097544
142280.0	4390.0	9.35092163	5.56128263
142280.0	4391.0	9.77578735	5.40834332
142280.0	4392.0	10.16151237	4.62127113
142280.0	4393.0	9.33156872	4.74038792
142280.0	4394.0	1.77558613	9.18378258
142280.0	4395.0	10.21092033	6.97417736
142280.0	4396.0	9.85401726	7.55031109
142290.0	4390.0	9.30768204	5.5796361
142290.0	4391.0	9.73253727	5.42666817
142290.0	4392.0	10.11843872	4.63961935
142290.0	4393.0	9.28831577	4.75868702
142290.0	4394.0	0.69757938	9.15391445
142290.0	4395.0	11.21659851	7.06645298
142290.0	4396.0	10.85707664	7.6594696
142300.0	4390.0	9.23523426	5.57803583
142300.0	4391.0	9.65997982	5.42508364
142300.0	4392.0	10.04605198	4.63795185
142300.0	4393.0	9.21601772	4.75707674
142300.0	4394.0	-0.38179207	9.11514664
142300.0	4395.0	12.21111298	7.12800026
142300.0	4396.0	11.86865425	7.74000645
142310.0	4390.0	9.15975666	5.5644393
142310.0	4391.0	9.58443069	5.4115057
142310.0	4392.0	9.97064209	4.62441254
142310.0	4393.0	9.14063931	4.74359179
142310.0	4394.0	-1.45486164	9.06895638
142310.0	4395.0	13.19974899	7.18009281
142310.0	4396.0	12.85720825	7.81555748
142320.0	4390.0	9.07828426	5.53413486
142320.0	4391.0	9.50295925	5.38121796
142320.0	4392.0	9.88922215	4.59420538
142320.0	4393.0	9.05919838	4.71332693
142320.0	4394.0	-2.52752018	9.02065849
142320.0	4395.0	14.13352585	7.22766972
142320.0	4396.0	13.81104469	7.87123013
142330.0	4390.0	8.9701128	5.40551186
142330.0	4391.0	9.3947773	5.25259113
142330.0	4392.0	9.7813158	4.46561909
142330.0	4393.0	8.9511261	4.58470345
142330.0	4394.0	-3.60048389	8.97143459
142330.0	4395.0	15.12635994	7.26668024
142330.0	4396.0	14.80725479	7.90083313
142340.0	4390.0	9.01736546	5.30455256
142340.0	4391.0	9.44201374	5.15162849
142340.0	4392.0	9.82864666	4.36458588
142340.0	4393.0	8.99832344	4.4836154
142340.0	4394.0	-4.67560101	8.93059826
142340.0	4395.0	16.18764687	7.29879379
142340.0	4396.0	15.85014725	7.91529846
142350.0	4390.0	9.14450741	5.3522234
142350.0	4391.0	9.56912804	5.19930363
142350.0	4392.0	9.95598602	4.41213465
142350.0	4393.0	9.1257019	4.53130627
142350.0	4394.0	-5.76961136	8.86461639
142350.0	4395.0	17.21923256	7.36169863
142350.0	4396.0	16.85736656	7.96762466
142360.0	4390.0	9.15366077	5.30050325
142360.0	4391.0	9.57824039	5.1475563
142360.0	4392.0	9.96514702	4.36026716
142360.0	4393.0	9.13481045	4.47943163
142360.0	4394.0	-6.76454163	8.77025223
142360.0	4395.0	18.046875	7.5460391
142360.0	4396.0	17.67274857	8.14780331
142370.0	4390.0	9.33580112	5.19408417
142370.0	4391.0	9.76026344	5.04111624
142370.0	4392.0	10.14748287	4.25383329
142370.0	4393.0	9.31704521	4.37297964
142370.0	4394.0	-7.67709351	8.61278915
142370.0	4395.0	19.07532692	7.9195261
142370.0	4396.0	18.69568825	8.50639725
142380.0	4390.0	9.41898441	5.36205482
142380.0	4391.0	9.84341431	5.20909786
142380.0	4392.0	10.23107624	4.42190075
142380.0	4393.0	9.40039158	4.54108667
142380.0	4394.0	-8.50707436	8.37204456
142380.0	4395.0	20.27997398	8.31009293
142380.0	4396.0	19.89103317	8.88381386
142390.0	4390.0	9.46911716	5.52499104
142390.0	4391.0	9.89354897	5.37197495
142390.0	4392.0	10.28161621	4.5849452
142390.0	4393.0	9.45081902	4.70409393
142390.0	4394.0	-9.1903286	8.02304649
142390.0	4395.0	21.23219299	8.50844574
142390.0	4396.0	20.83474541	9.07380676
142400.0	4397.0	6.11863852	5.18820429
142400.0	4398.0	6.54350042	5.03501606
142400.0	4399.0	6.92799044	4.24731588
142400.0	4400.0	6.09895897	4.36668921
142400.0	4401.0	9.72366428	9.06530666
142400.0	4402.0	2.52327132	4.65323353
142400.0	4403.0	2.12672615	5.15203905
142410.0	4397.0	6.63326931	5.25983
142410.0	4398.0	7.05817318	5.10663939
142410.0	4399.0	7.442873	4.31897783
142410.0	4400.0	6.61371803	4.43830061
142410.0	4401.0	8.84097767	9.1656208
142410.0	4402.0	3.42809105	5.15020227
142410.0	4403.0	3.04777932	5.67232037
142420.0	4397.0	7.10182858	5.30883408
142420.0	4398.0	7.52664375	5.15561199
142420.0	4399.0	7.91162539	4.36801958
142420.0	4400.0	7.08235073	4.48725224
142420.0	4401.0	7.7921834	9.12709713
142420.0	4402.0	4.54846048	5.53418827
142420.0	4403.0	4.20587492	6.08169889
142430.0	4397.0	7.57246637	5.31436348
142430.0	4398.0	7.99731064	5.16109133
142430.0	4399.0	8.38245773	4.37380743
142430.0	4400.0	7.55312872	4.49291325
142430.0	4401.0	6.76528978	9.04234886
142430.0	4402.0	5.62785721	5.94404507
142430.0	4403.0	5.29474354	6.51804352
142440.0	4397.0	8.18287086	5.371171
142440.0	4398.0	8.60776711	5.21792269
142440.0	4399.0	8.99272156	4.43057632
142440.0	4400.0	8.16356087	4.54971075
142440.0	4401.0	5.69260502	9.00773716
142440.0	4402.0	6.56015587	6.26168203
142440.0	4403.0	6.21879101	6.84893513
142450.0	4397.0	8.5829649	5.41636086
142450.0	4398.0	9.00792122	5.26308346
142450.0	4399.0	9.39288712	4.47579908
142450.0	4400.0	8.56371689	4.59491014
142450.0	4401.0	4.66425228	8.8393755
142450.0	4402.0	7.58452129	6.39073563
142450.0	4403.0	7.24127483	6.98205423
142460.0	4397.0	8.98135948	5.44383812
142460.0	4398.0	9.40630341	5.2905817
142460.0	4399.0	9.79131126	4.50309277
142460.0	4400.0	8.96220589	4.6222086
142460.0	4401.0	3.60977745	8.75994778
142460.0	4402.0	8.62264919	6.48891592
142460.0	4403.0	8.29561901	7.0844965
142470.0	4397.0	9.11328888	5.51279402
142470.0	4398.0	9.53835773	5.3594532
142470.0	4399.0	9.92343903	4.57213116
142470.0	4400.0	9.09442425	4.69125175
142470.0	4401.0	2.52741289	8.73269367
142470.0	4402.0	9.63502026	6.59409571
142470.0	4403.0	9.31999016	7.19532394
142480.0	4397.0	9.06542587	5.53090811
142480.0	4398.0	9.49066639	5.37761974
142480.0	4399.0	9.87572384	4.59030914
142480.0	4400.0	9.04672432	4.70943213
142480.0	4401.0	1.45171547	8.70467186
142480.0	4402.0	10.62491322	6.69250107
142480.0	4403.0	10.30611801	7.30973911
142490.0	4397.0	8.99528694	5.53212643
142490.0	4398.0	9.42050648	5.37881374
142490.0	4399.0	9.80559635	4.59150457
142490.0	4400.0	8.97674751	4.71064568
142490.0	4401.0	0.37667942	8.66812992
142490.0	4402.0	11.6157074	6.76323509
142490.0	4403.0	11.31382275	7.40017414
142500.0	4397.0	8.92071915	5.519557
142500.0	4398.0	9.34593105	5.36627483
142500.0	4399.0	9.73095417	4.57901382
142500.0	4400.0	8.90229225	4.69810915
142500.0	4401.0	-0.69486904	8.62284184
142500.0	4402.0	12.61617947	6.81374788
142500.0	4403.0	12.31701756	7.47540951
142510.0	4397.0	8.84943771	5.50812578
142510.0	4398.0	9.27470589	5.3549099
142510.0	4399.0	9.65967369	4.56763554
142510.0	4400.0	8.83106804	4.68674469
142510.0	4401.0	-1.76313782	8.57402229
142510.0	4402.0	13.58699131	6.88083553
142510.0	4403.0	13.3053236	7.54889584
142520.0	4397.0	8.7642746	5.47312021
142520.0	4398.0	9.1895771	5.31995296
142520.0	4399.0	9.57447243	4.53266716
142520.0	4400.0	8.74583149	4.65172291
142520.0	4401.0	-2.82701683	8.52598286
142520.0	4402.0	14.5513525	6.93406487
142520.0	4403.0	14.27025127	7.58896017
142530.0	4397.0	8.66489506	5.34410477
142530.0	4398.0	9.09032345	5.19087124
142530.0	4399.0	9.47497082	4.40359306
142530.0	4400.0	8.64647961	4.52261353
142530.0	4401.0	-3.88491535	8.46926498
142530.0	4402.0	15.56449604	6.98523235
142530.0	4403.0	15.2657938	7.62209225
142540.0	4397.0	8.71392822	5.25460815
142540.0	4398.0	9.13944817	5.10141277
142540.0	4399.0	9.52387428	4.31409454
142540.0	4400.0	8.69546986	4.43311739
142540.0	4401.0	-4.94200897	8.42956924
142540.0	4402.0	16.61780739	7.01644707
142540.0	4403.0	16.29855728	7.64120245
142550.0	4397.0	8.83307362	5.30117846
142550.0	4398.0	9.25868988	5.14796734
142550.0	4399.0	9.64307404	4.36055374
142550.0	4400.0	8.81475163	4.47963524
142550.0	4401.0	-6.00468445	8.36449146
142550.0	4402.0	17.63543701	7.0831871
142550.0	4403.0	17.30151939	7.70698404
142560.0	4397.0	8.84291935	5.24768257
142560.0	4398.0	9.26853848	5.09444714
142560.0	4399.0	9.65288925	4.30687094
142560.0	4400.0	8.82461929	4.42602396
142560.0	4401.0	-6.96320724	8.24330521
142560.0	4402.0	18.48741722	7.29051256
142560.0	4403.0	18.14774704	7.90054607
142570.0	4397.0	9.01257706	5.13999176
142570.0	4398.0	9.43806267	4.98673916
142570.0	4399.0	9.82256031	4.19913149
142570.0	4400.0	8.99431229	4.31833458
142570.0	4401.0	-7.84267807	8.04983902
142570.0	4402.0	19.51558876	7.67269421
142570.0	4403.0	19.17374802	8.26446438
142580.0	4397.0	9.10412312	5.29539633
142580.0	4398.0	9.5296917	5.14210415
142580.0	4399.0	9.91428852	4.35459423
142580.0	4400.0	9.08597565	4.47377586
142580.0	4401.0	-8.66271973	7.83151674
142580.0	4402.0	20.69140053	8.06197548
142580.0	4403.0	20.34218597	8.64719677
142590.0	4397.0	9.16369724	5.45374918
142590.0	4398.0	9.58925247	5.30051804
142590.0	4399.0	9.97424793	4.51305199
142590.0	4400.0	9.14586926	4.63219786
142590.0	4401.0	-9.3429451	7.51218796
142590.0	4402.0	21.63940048	8.25098896
142590.0	4403.0	21.28433228	8.83649063
