38400.0	631.0	3.78975534	-4.53483343
38400.0	632.0	3.14665866	-4.58945894
38410.0	631.0	4.52083826	-4.01612282
38410.0	632.0	3.90472317	-4.05834246
38420.0	631.0	5.20993805	-3.74252534
38420.0	632.0	4.56287766	-3.67989492
38430.0	631.0	5.57651329	-3.29981709
38430.0	632.0	4.93205738	-3.18932533
38440.0	631.0	6.86755371	-3.38038683
38440.0	632.0	6.23567867	-3.17777181
38450.0	631.0	7.73885345	-3.07815886
38450.0	632.0	7.13340092	-2.85635138
38460.0	631.0	8.57333183	-3.15847492
38460.0	632.0	7.98893929	-2.92320132
38470.0	631.0	9.67582893	-3.12795162
38470.0	632.0	9.11981392	-2.89212012
38480.0	631.0	10.0651474	-3.15957713
38480.0	632.0	9.52710152	-2.90885639
38490.0	631.0	10.46261978	-2.80396533
38490.0	632.0	9.91337585	-2.58850479
38500.0	631.0	11.61513138	-2.44534349
38500.0	632.0	11.05648136	-2.22606516
38510.0	631.0	12.60965347	-2.27235198
38510.0	632.0	12.04641914	-2.04761815
38520.0	631.0	13.57881927	-2.09208727
38520.0	632.0	12.97568226	-1.90717697
38530.0	631.0	14.68241119	-1.92124701
38530.0	632.0	14.09503841	-1.73308659
38540.0	631.0	15.61074638	-1.74618483
38540.0	632.0	14.96102047	-1.5462954
38550.0	631.0	16.45694542	-1.45480537
38550.0	632.0	15.78814411	-1.24831057
38560.0	631.0	17.39453888	-1.11167574
38560.0	632.0	16.71879959	-0.92671251
38570.0	631.0	18.35257721	-0.85509133
38570.0	632.0	17.65058708	-0.68398261
38580.0	631.0	19.34184265	-0.64199305
38580.0	632.0	18.58416367	-0.48601294
38590.0	631.0	20.26373863	-0.48869038
38590.0	632.0	19.47617912	-0.33189631
38600.0	633.0	3.9490242	-4.13024855
38600.0	634.0	3.26617742	-4.19380331
38610.0	633.0	4.45060778	-3.82926631
38610.0	634.0	3.7774272	-3.86687255
38620.0	633.0	4.78456736	-3.44210768
38620.0	634.0	4.10286903	-3.4376111
38630.0	633.0	5.95991135	-3.35434771
38630.0	634.0	5.30242252	-3.33248186
38640.0	633.0	6.87230253	-3.13339663
38640.0	634.0	6.26055813	-3.0843749
38650.0	633.0	7.70830107	-3.16015553
38650.0	634.0	7.13854122	-3.12876463
38660.0	633.0	8.82935524	-3.18476462
38660.0	634.0	8.26995564	-3.14204645
38670.0	633.0	9.17683411	-3.20109177
38670.0	634.0	8.64113426	-3.14688349
38680.0	633.0	9.59123039	-2.84882593
38680.0	634.0	9.03252792	-2.83169103
38690.0	633.0	10.74795151	-2.49133492
38690.0	634.0	10.17465496	-2.47130585
38700.0	633.0	11.72462177	-2.31380653
38700.0	634.0	11.15425396	-2.28997421
38710.0	633.0	12.67035294	-2.12583733
38710.0	634.0	12.06369877	-2.13627625
38720.0	633.0	13.7598629	-1.93204069
38720.0	634.0	13.16615486	-1.9275794
38730.0	633.0	14.65314293	-1.75850439
38730.0	634.0	13.99816704	-1.73300838
38740.0	633.0	15.44004631	-1.44013691
38740.0	634.0	14.75675583	-1.40061951
38750.0	633.0	16.35510254	-1.12257171
38750.0	634.0	15.68993664	-1.09819198
38760.0	633.0	17.29729271	-0.83761263
38760.0	634.0	16.64574051	-0.82557654
38770.0	633.0	18.26795197	-0.5247314
38770.0	634.0	17.58169746	-0.52561951
38780.0	633.0	19.23884964	-0.23556662
38780.0	634.0	18.53640747	-0.24346232
38790.0	633.0	20.19491577	-0.04351234
38790.0	634.0	19.46980286	-0.06167126
38800.0	635.0	3.78798962	-3.7420671
38800.0	636.0	3.01093602	-3.772089
38800.0	637.0	2.99638128	-9.01334763
38810.0	635.0	4.58124781	-3.25548577
38810.0	636.0	3.8135004	-3.2802639
38810.0	637.0	3.94320941	-8.29926872
38820.0	635.0	5.34236288	-2.79986572
38820.0	636.0	4.53690815	-2.8189168
38820.0	637.0	4.82164764	-7.63117695
38830.0	635.0	6.09849072	-2.36945057
38830.0	636.0	5.28533697	-2.44308615
38830.0	637.0	5.72026396	-7.03833485
38840.0	635.0	6.85943127	-2.05893874
38840.0	636.0	5.97930241	-2.12319088
38840.0	637.0	6.67094469	-6.6027112
38850.0	635.0	7.43802214	-1.70419097
38850.0	636.0	6.55541945	-1.81524348
38850.0	637.0	7.36000013	-6.13040066
38860.0	635.0	8.0043478	-1.37908435
38860.0	636.0	7.10486412	-1.50605822
38860.0	637.0	8.09877777	-5.67432117
38870.0	635.0	8.59524727	-1.01416492
38870.0	636.0	7.73115349	-1.14773059
38870.0	637.0	8.84327316	-5.18324471
38880.0	635.0	9.2276001	-0.71048594
38880.0	636.0	8.36995506	-0.83804131
38880.0	637.0	9.58132076	-4.72551203
38890.0	635.0	9.84931755	-0.34456515
38890.0	636.0	9.03121662	-0.47843409
38890.0	637.0	10.28987503	-4.14951086
38900.0	635.0	10.52250767	-0.00011086
38900.0	636.0	9.69173431	-0.12567496
38900.0	637.0	11.09124565	-3.59741306
38910.0	635.0	11.2370739	0.34358096
38910.0	636.0	10.42482471	0.21610379
38910.0	637.0	11.93595695	-3.12354851
38920.0	635.0	11.87890911	0.66320825
38920.0	636.0	11.04230976	0.54721427
38920.0	637.0	12.70412731	-2.67624664
38930.0	635.0	12.38241005	1.005831
38930.0	636.0	11.53019905	0.90374494
38930.0	637.0	13.31317043	-2.19941473
38940.0	635.0	13.16837215	1.19631457
38940.0	636.0	12.30856705	1.11853147
38940.0	637.0	14.23862648	-1.87260771
38950.0	635.0	13.96699047	1.49472213
38950.0	636.0	13.15911961	1.38935018
38950.0	637.0	15.23070621	-1.43505907
38960.0	635.0	14.8175602	1.76652074
38960.0	636.0	14.01510525	1.63459468
38960.0	637.0	16.24413681	-1.08368206
38970.0	635.0	15.76922131	2.03518987
38970.0	636.0	14.99807262	1.87271333
38970.0	637.0	17.37682915	-0.72967148
38980.0	635.0	16.68250275	2.20661616
38980.0	636.0	15.94218254	2.02192092
38980.0	637.0	18.48304939	-0.50916195
38990.0	635.0	17.46321297	2.34441495
38990.0	636.0	16.68932343	2.12195945
38990.0	637.0	19.39225769	-0.32432938
39000.0	638.0	3.80000901	-3.40250063
39000.0	639.0	3.04486227	-3.45231748
39000.0	640.0	3.08993697	-8.45769596
39010.0	638.0	4.51905346	-2.79781461
39010.0	639.0	3.73221254	-2.80967951
39010.0	640.0	3.97398496	-7.5644989
39020.0	638.0	5.26978636	-2.32361817
39020.0	639.0	4.54841232	-2.36503434
39020.0	640.0	4.86460638	-6.99843025
39030.0	638.0	6.06350613	-1.96098292
39030.0	639.0	5.26917028	-2.01143885
39030.0	640.0	5.70310879	-6.50611591
39040.0	638.0	6.73781586	-1.56407142
39040.0	639.0	5.94369078	-1.66000283
39040.0	640.0	6.45377064	-5.99798393
39050.0	638.0	7.32162619	-1.23162079
39050.0	639.0	6.50843048	-1.34355068
39050.0	640.0	7.13463068	-5.52352524
39060.0	638.0	7.91447687	-0.82381392
39060.0	639.0	7.11394739	-0.9523437
39060.0	640.0	7.87357283	-4.98010969
39070.0	638.0	8.5458622	-0.51455092
39070.0	639.0	7.74789715	-0.6235218
39070.0	640.0	8.61355209	-4.51236343
39080.0	638.0	9.15952492	-0.14611459
39080.0	639.0	8.41336823	-0.26215935
39080.0	640.0	9.34544945	-3.92677355
39090.0	638.0	9.81757164	0.20143509
39090.0	639.0	9.06087875	0.09669542
39090.0	640.0	10.13300133	-3.36831474
39100.0	638.0	10.53803444	0.56355977
39100.0	639.0	9.7954483	0.46131086
39100.0	640.0	10.98364639	-2.87313795
39110.0	638.0	11.14289856	0.91390681
39110.0	639.0	10.36671066	0.82286263
39110.0	640.0	11.71728706	-2.39264345
39120.0	638.0	11.66022301	1.30180955
39120.0	639.0	10.88581657	1.22731066
39120.0	640.0	12.35271931	-1.8783083
39130.0	638.0	12.52663803	1.52476335
39130.0	639.0	11.79603577	1.46512699
39130.0	640.0	13.37588215	-1.5028367
39140.0	638.0	13.30027199	1.80179429
39140.0	639.0	12.59033775	1.73122406
39140.0	640.0	14.32026863	-1.08562517
39150.0	638.0	14.20780373	2.00481057
39150.0	639.0	13.47183037	1.94576406
39150.0	640.0	15.36104202	-0.81321812
39160.0	638.0	15.19854164	2.28942609
39160.0	639.0	14.48449516	2.18724298
39160.0	640.0	16.47173119	-0.44299936
39170.0	638.0	16.08497429	2.49720931
39170.0	639.0	15.3482933	2.36154556
39170.0	640.0	17.51407814	-0.18882751
39180.0	638.0	16.9885788	2.68871617
39180.0	639.0	16.20072937	2.53221607
39180.0	640.0	18.52125549	0.05172253
39190.0	638.0	17.9104557	2.86413789
39190.0	639.0	17.11737442	2.68984985
39190.0	640.0	19.56432915	0.24692345
39200.0	641.0	3.75910974	-3.03127742
39200.0	642.0	2.99106431	-3.03381038
39200.0	643.0	3.02604055	-7.862988
39210.0	641.0	4.47754145	-2.51600051
39210.0	642.0	3.79696918	-2.51365471
39210.0	643.0	3.84985757	-7.09661913
39220.0	641.0	5.29669905	-2.07918072
39220.0	642.0	4.58013058	-2.08792543
39220.0	643.0	4.7531023	-6.50176859
39230.0	641.0	6.08486891	-1.63764274
39230.0	642.0	5.42518902	-1.6546067
39230.0	643.0	5.60188007	-5.89493275
39240.0	641.0	6.76297665	-1.22227061
39240.0	642.0	6.11027527	-1.26533663
39240.0	643.0	6.40587854	-5.39211845
39250.0	641.0	7.36677074	-0.80250716
39250.0	642.0	6.74012947	-0.84304643
39250.0	643.0	7.11866331	-4.81130981
39260.0	641.0	8.00307465	-0.46815157
39260.0	642.0	7.38365746	-0.51137948
39260.0	643.0	7.84806824	-4.34180593
39270.0	641.0	8.62963963	-0.09376693
39270.0	642.0	8.04547882	-0.13672423
39270.0	643.0	8.56177902	-3.75591183
39280.0	641.0	9.30749893	0.25355649
39280.0	642.0	8.71469212	0.22156119
39280.0	643.0	9.37306309	-3.19984245
39290.0	641.0	10.02669811	0.62306237
39290.0	642.0	9.44529343	0.59452987
39290.0	643.0	10.22345734	-2.69466972
39300.0	641.0	10.62535191	0.97085905
39300.0	642.0	10.02509499	0.9652493
39300.0	643.0	10.95674324	-2.20613003
39310.0	641.0	11.15938282	1.37882376
39310.0	642.0	10.57661438	1.38087344
39310.0	643.0	11.59706879	-1.66550159
39320.0	641.0	12.08799458	1.55144691
39320.0	642.0	11.52249432	1.58433175
39320.0	643.0	12.66531181	-1.32903433
39330.0	641.0	12.92280388	1.88326454
39330.0	642.0	12.36826324	1.90123105
39330.0	643.0	13.66998005	-0.86788273
39340.0	641.0	13.83951092	2.10003519
39340.0	642.0	13.2749157	2.07337689
39340.0	643.0	14.71269512	-0.59492111
39350.0	641.0	14.71579742	2.40692997
39350.0	642.0	14.17749119	2.37358069
39350.0	643.0	15.71701908	-0.16320992
39360.0	641.0	15.55934429	2.61280298
39360.0	642.0	15.00208092	2.56988454
39360.0	643.0	16.71096802	0.1630044
39370.0	641.0	16.49086571	2.8777914
39370.0	642.0	15.96801949	2.83599067
39370.0	643.0	17.7515831	0.51215315
39380.0	641.0	17.41846466	3.04975033
39380.0	642.0	16.90678596	2.99634147
39380.0	643.0	18.77037048	0.73815012
39390.0	641.0	18.37481117	3.1665554
39390.0	642.0	17.84451485	3.12053609
39390.0	643.0	19.81736565	0.92101336
39400.0	644.0	3.38567162	-8.84001446
39400.0	645.0	1.10532105	-10.15176201
39410.0	644.0	4.08402109	-8.24837017
39410.0	645.0	1.82516408	-9.49283695
39420.0	644.0	4.85520601	-7.73361826
39420.0	645.0	2.6475234	-8.93244076
39430.0	644.0	5.64807224	-7.2494607
39430.0	645.0	3.44362402	-8.3711338
39440.0	644.0	6.32560158	-6.81994867
39440.0	645.0	4.1593914	-7.86098576
39450.0	644.0	6.93728924	-6.43401337
39450.0	645.0	4.84514284	-7.41259432
39460.0	644.0	7.51686668	-6.06697464
39460.0	645.0	5.515306	-6.96031284
39470.0	644.0	8.07123661	-5.73125172
39470.0	645.0	6.15556049	-6.51477814
39480.0	644.0	8.81812382	-5.43138695
39480.0	645.0	6.96944666	-6.09199619
39490.0	644.0	9.39573288	-5.06259918
39490.0	645.0	7.63591242	-5.62955427
39500.0	644.0	10.02102947	-4.66701508
39500.0	645.0	8.34982109	-5.15986109
39510.0	644.0	10.76646709	-4.23822594
39510.0	645.0	9.14661312	-4.69868755
39520.0	644.0	11.54372883	-3.92773342
39520.0	645.0	9.94752789	-4.3194952
39530.0	644.0	12.3563118	-3.59934235
39530.0	645.0	10.79012012	-3.90243816
39540.0	644.0	13.20611191	-3.27361917
39540.0	645.0	11.72450733	-3.47495079
39550.0	644.0	14.061409	-2.8806591
39550.0	645.0	12.62890816	-3.05278683
39560.0	644.0	15.04326534	-2.54284096
39560.0	645.0	13.65947056	-2.64689827
39570.0	644.0	16.1054821	-2.25290346
39570.0	645.0	14.77936268	-2.30330706
39580.0	644.0	17.06121635	-2.07622528
39580.0	645.0	15.7930069	-2.05334568
39590.0	644.0	18.02470398	-1.86950731
39590.0	645.0	16.84104919	-1.81273079
39600.0	646.0	3.37878108	-8.25792408
39600.0	647.0	1.15641713	-9.47274494
39610.0	646.0	4.24610758	-7.55804157
39610.0	647.0	2.09228468	-8.71097565
39620.0	646.0	5.10680294	-7.01846123
39620.0	647.0	2.96126461	-8.08587742
39630.0	646.0	5.85752201	-6.48501587
39630.0	647.0	3.72831392	-7.49813223
39640.0	646.0	6.61397839	-6.09479856
39640.0	647.0	4.51872873	-7.06084728
39650.0	646.0	7.20197582	-5.6274662
39650.0	647.0	5.17958212	-6.54415703
39660.0	646.0	7.78318024	-5.27025032
39660.0	647.0	5.84922123	-6.08759403
39670.0	646.0	8.55632782	-4.94302273
39670.0	647.0	6.68562984	-5.64402103
39680.0	646.0	9.18352127	-4.57231045
39680.0	647.0	7.40385771	-5.17884111
39690.0	646.0	9.82741928	-4.17436886
39690.0	647.0	8.13120461	-4.70610666
39700.0	646.0	10.57866096	-3.73682356
39700.0	647.0	8.93322945	-4.23933458
39710.0	646.0	11.35743618	-3.39966869
39710.0	647.0	9.75155258	-3.84280205
39720.0	646.0	12.14417362	-3.04704618
39720.0	647.0	10.56984711	-3.41676283
39730.0	646.0	13.00993443	-2.67219448
39730.0	647.0	11.47931671	-2.94802189
39740.0	646.0	13.94780445	-2.27634239
39740.0	647.0	12.4626255	-2.50604439
39750.0	646.0	14.84498501	-1.879632
39750.0	647.0	13.43619919	-2.02727604
39760.0	646.0	15.81315804	-1.4872942
39760.0	647.0	14.47637177	-1.57646227
39770.0	646.0	16.86398697	-1.13859653
39770.0	647.0	15.55308533	-1.16902828
39780.0	646.0	17.81001854	-0.86015987
39780.0	647.0	16.54314041	-0.86253071
39790.0	646.0	18.82780838	-0.62587738
39790.0	647.0	17.59104729	-0.58886814
39800.0	648.0	0.72901696	3.02004457
39800.0	649.0	-0.80669838	2.44659662
39810.0	648.0	-0.37096357	3.12496805
39810.0	649.0	-0.25708705	2.45566726
39820.0	648.0	-1.30640483	3.11794281
39820.0	649.0	0.33912987	2.44523478
39830.0	648.0	-2.39333296	3.09395051
39830.0	649.0	0.86649245	2.54566026
39840.0	648.0	-3.35040402	2.83191848
39840.0	649.0	1.23046923	2.63828897
39850.0	648.0	-4.28538513	2.53435898
39850.0	649.0	1.50417709	2.6925962
39860.0	648.0	-5.28169727	2.27512503
39860.0	649.0	1.81092286	2.71008825
39870.0	648.0	-6.2958231	2.01374364
39870.0	649.0	2.16507125	2.73588872
39880.0	648.0	-7.30662251	1.75527024
39880.0	649.0	2.52789807	2.76628375
39890.0	648.0	-8.31096268	1.48915672
39890.0	649.0	2.881845	2.7963109
39900.0	648.0	-9.30751801	1.22990727
39900.0	649.0	3.23548079	2.82178545
39910.0	648.0	-10.30385208	0.96213222
39910.0	649.0	3.59156561	2.84890771
39920.0	648.0	-11.29049778	0.69259953
39920.0	649.0	3.94664383	2.87641358
39930.0	648.0	-12.26249218	0.42244697
39930.0	649.0	4.31209373	2.89949608
39940.0	648.0	-13.24594212	0.13774872
39940.0	649.0	4.68252516	2.8994174
39950.0	648.0	-14.22021866	-0.13098073
39950.0	649.0	5.0385561	2.88019657
39960.0	648.0	-15.16156101	-0.38746428
39960.0	649.0	5.4341855	2.83918333
39970.0	648.0	-16.06347084	-0.67105556
39970.0	649.0	5.87074184	2.77447915
39980.0	648.0	-16.93688393	-0.86401653
39980.0	649.0	6.29594803	2.70527482
39990.0	648.0	-17.72531319	-1.08873653
39990.0	649.0	6.70706034	2.63005495
40000.0	650.0	0.23907776	1.50442946
40000.0	651.0	1.36062419	4.04631805
40010.0	650.0	-0.85340703	1.5359087
40010.0	651.0	0.25210536	4.0337944
40020.0	650.0	-1.66153622	1.48975956
40020.0	651.0	-0.57147777	3.9908464
40030.0	650.0	-2.70832586	1.47801483
40030.0	651.0	-1.54596865	3.99517751
40040.0	650.0	-3.63932204	1.14476955
40040.0	651.0	-2.52097034	3.62701511
40050.0	650.0	-4.58285618	0.86823213
40050.0	651.0	-3.45712376	3.3108182
40060.0	650.0	-5.57875013	0.66787583
40060.0	651.0	-4.46547413	3.13218427
40070.0	650.0	-6.55150366	0.42281175
40070.0	651.0	-5.42365885	2.93109584
40080.0	650.0	-7.5222168	0.1881969
40080.0	651.0	-6.43345499	2.70275998
40090.0	650.0	-8.43237972	-0.08611202
40090.0	651.0	-7.34930325	2.43229818
40100.0	650.0	-9.41704845	-0.32319427
40100.0	651.0	-8.31558609	2.17442179
40110.0	650.0	-10.43083286	-0.64294505
40110.0	651.0	-9.28208447	1.88167858
40120.0	650.0	-11.42066288	-0.97215176
40120.0	651.0	-10.29176712	1.59389925
40130.0	650.0	-12.46294689	-1.17807269
40130.0	651.0	-11.29417992	1.35089636
40140.0	650.0	-13.38880062	-1.49605465
40140.0	651.0	-12.25690365	1.06118321
40150.0	650.0	-14.31667614	-1.79051042
40150.0	651.0	-13.230196	0.79123926
40160.0	650.0	-15.24616146	-2.00184369
40160.0	651.0	-14.16202068	0.5173769
40170.0	650.0	-16.05990791	-2.37014222
40170.0	651.0	-15.05441666	0.23857927
40180.0	650.0	-16.85535049	-2.60747981
40180.0	651.0	-15.91745949	0.02348185
40190.0	650.0	-17.7270813	-2.75160575
40190.0	651.0	-16.73994827	-0.18465328
40200.0	652.0	2.94234514	-5.44202566
40200.0	653.0	2.99510574	-7.0918231
40210.0	652.0	3.76892757	-4.80695295
40210.0	653.0	3.7282548	-6.44873285
40220.0	652.0	4.72058725	-4.14535332
40220.0	653.0	4.64111662	-5.83495855
40230.0	652.0	5.65534973	-3.47786999
40230.0	653.0	5.53794765	-5.13262749
40240.0	652.0	6.52935028	-2.97104716
40240.0	653.0	6.37846088	-4.64325428
40250.0	652.0	7.29411221	-2.38587189
40250.0	653.0	7.15471983	-4.15003681
40260.0	652.0	8.15716171	-1.91904259
40260.0	653.0	7.94044065	-3.67448235
40270.0	652.0	8.9499197	-1.42732811
40270.0	653.0	8.66018677	-3.14709902
40280.0	652.0	9.82589149	-0.9842
40280.0	653.0	9.47008514	-2.74155998
40290.0	652.0	10.68335247	-0.59983873
40290.0	653.0	10.27308273	-2.31355762
40300.0	652.0	11.54291058	-0.26325369
40300.0	653.0	11.04819107	-1.88308048
40310.0	652.0	12.49035549	0.11326218
40310.0	653.0	11.95100784	-1.42487907
40320.0	652.0	13.39127445	0.39130354
40320.0	653.0	12.87813568	-0.99395227
40330.0	652.0	14.25296974	0.66024399
40330.0	653.0	13.88335037	-0.57687521
40340.0	652.0	15.16407776	0.87361002
40340.0	653.0	14.92162132	-0.18910408
40350.0	652.0	15.89227772	0.98841667
40350.0	653.0	15.85705757	0.21944952
40360.0	652.0	16.60519218	1.09008026
40360.0	653.0	16.87292671	0.56930256
40370.0	652.0	17.21989632	1.12886429
40370.0	653.0	17.90782928	0.88576555
40380.0	652.0	17.80052948	1.17370272
40380.0	653.0	18.87373734	1.12892962
40390.0	652.0	18.44742012	1.22579002
40390.0	653.0	19.93123627	1.32988882
40400.0	654.0	2.5373919	-2.94527626
40400.0	655.0	-0.77891827	2.35620189
40400.0	656.0	-0.73891819	4.03620195
40400.0	657.0	-0.3190302	4.30457497
40410.0	654.0	3.27864647	-2.38406825
40410.0	655.0	-0.90448099	2.303864
40410.0	656.0	-0.86448097	3.98386407
40410.0	657.0	-0.47628745	4.25075626
40420.0	654.0	3.98773885	-2.08665514
40420.0	655.0	-1.00811267	2.2653861
40420.0	656.0	-0.96811271	3.94538617
40420.0	657.0	-0.61425376	4.21859026
40430.0	654.0	4.61383533	-1.75379288
40430.0	655.0	-0.96862543	2.28632665
40430.0	656.0	-0.9286254	3.96632671
40430.0	657.0	-0.60191047	4.23442364
40440.0	654.0	5.34207821	-1.65968823
40440.0	655.0	-1.06414068	2.16948366
40440.0	656.0	-1.02414072	3.84948373
40440.0	657.0	-0.71293461	4.10376263
40450.0	654.0	5.68491411	-1.54826212
40450.0	655.0	-1.12287366	2.12174797
40450.0	656.0	-1.08287358	3.80174804
40450.0	657.0	-0.77332592	4.0454731
40460.0	654.0	6.02085304	-1.49089742
40460.0	655.0	-0.99783397	2.10385847
40460.0	656.0	-0.95783389	3.78385854
40460.0	657.0	-0.64097977	4.02921104
40470.0	654.0	6.40289259	-1.48638296
40470.0	655.0	-0.94497168	2.09525037
40470.0	656.0	-0.90497172	3.77525043
40470.0	657.0	-0.59733605	4.02443504
40480.0	654.0	6.60641575	-1.43450761
40480.0	655.0	-0.96260232	2.05640602
40480.0	656.0	-0.9226023	3.73640609
40480.0	657.0	-0.63511717	3.9821527
40490.0	654.0	6.86820984	-1.47694623
40490.0	655.0	-0.91787612	2.00099707
40490.0	656.0	-0.8778761	3.68099713
40490.0	657.0	-0.59109229	3.93444705
40500.0	654.0	7.10079956	-1.41934967
40500.0	655.0	-0.82007593	1.99624825
40500.0	656.0	-0.78007591	3.67624831
40500.0	657.0	-0.49244967	3.93023396
40510.0	654.0	7.11120319	-1.44167769
40510.0	655.0	-0.88986611	1.93154883
40510.0	656.0	-0.84986603	3.6115489
40510.0	657.0	-0.56722522	3.86411238
40520.0	654.0	7.25156498	-1.464028
40520.0	655.0	-0.84967804	1.87408137
40520.0	656.0	-0.80967808	3.55408144
40520.0	657.0	-0.52769315	3.80933118
40530.0	654.0	7.65141201	-1.44865692
40530.0	655.0	-0.50373811	1.85284066
40530.0	656.0	-0.46373808	3.53284073
40530.0	657.0	-0.17221332	3.77523232
40540.0	654.0	8.21030807	-1.46206653
40540.0	655.0	0.01156718	1.83483112
40540.0	656.0	0.0515672	3.51483107
40540.0	657.0	0.34748399	3.75061846
40550.0	654.0	8.72048569	-1.46149421
40550.0	655.0	0.48207629	1.81978643
40550.0	656.0	0.52207631	3.49978638
40550.0	657.0	0.82895899	3.72516489
40560.0	654.0	9.1931448	-1.50017643
40560.0	655.0	0.94571316	1.76495743
40560.0	656.0	0.98571318	3.44495749
40560.0	657.0	1.3264389	3.66603708
40570.0	654.0	9.65054798	-1.51063061
40570.0	655.0	1.3638891	1.76476336
40570.0	656.0	1.40388918	3.44476342
40570.0	657.0	1.7491895	3.67485452
40580.0	654.0	10.07949257	-1.51345611
40580.0	655.0	1.76513207	1.7517345
40580.0	656.0	1.80513215	3.43173456
40580.0	657.0	2.15764475	3.66581583
40590.0	654.0	10.57970047	-1.50278175
40590.0	655.0	2.24930286	1.76986861
40590.0	656.0	2.28930306	3.44986868
40590.0	657.0	2.65362406	3.69902754
40600.0	658.0	2.3188746	-2.26315069
40600.0	659.0	-0.77458501	2.35896516
40600.0	660.0	-0.73458505	4.03896523
40600.0	661.0	-0.31536132	4.14868402
40610.0	658.0	3.02366209	-1.78790021
40610.0	659.0	-0.95405412	2.30272317
40610.0	660.0	-0.91405416	3.98272324
40610.0	661.0	-0.51243478	4.09286642
40620.0	658.0	3.64577794	-1.51688981
40620.0	659.0	-1.05220115	2.25972509
40620.0	660.0	-1.01220119	3.93972516
40620.0	661.0	-0.62243843	4.04970932
40630.0	658.0	4.27272797	-1.23445535
40630.0	659.0	-1.07200921	2.29047632
40630.0	660.0	-1.03200912	3.97047639
40630.0	661.0	-0.64534962	4.0784874
40640.0	658.0	4.85226107	-1.20301962
40640.0	659.0	-1.18858695	2.16652989
40640.0	660.0	-1.14858699	3.84652996
40640.0	661.0	-0.7688337	3.94394898
40650.0	658.0	5.16178751	-1.09031367
40650.0	659.0	-1.25929022	2.10938931
40650.0	660.0	-1.21929014	3.78938937
40650.0	661.0	-0.83088529	3.88793492
40660.0	658.0	5.46529579	-1.0915612
40660.0	659.0	-1.10883021	2.06161022
40660.0	660.0	-1.06883025	3.74161029
40660.0	661.0	-0.68329167	3.84916615
40670.0	658.0	5.70785618	-1.03470659
40670.0	659.0	-1.0654968	2.08023834
40670.0	660.0	-1.02549684	3.76023841
40670.0	661.0	-0.6627444	3.86398268
40680.0	658.0	5.93458223	-1.0600307
40680.0	659.0	-1.05000949	2.03432775
40680.0	660.0	-1.01000953	3.71432781
40680.0	661.0	-0.64879674	3.82264066
40690.0	658.0	6.14602184	-1.0155251
40690.0	659.0	-0.95440716	2.02343512
40690.0	660.0	-0.91440713	3.70343518
40690.0	661.0	-0.55472243	3.81143641
40700.0	658.0	6.14694405	-1.03658426
40700.0	659.0	-1.02572894	1.95690155
40700.0	660.0	-0.98572886	3.63690162
40700.0	661.0	-0.6312874	3.74291754
40710.0	658.0	6.28492737	-1.05685067
40710.0	659.0	-0.99057049	1.90097189
40710.0	660.0	-0.95057046	3.58097196
40710.0	661.0	-0.59929776	3.69026589
40720.0	658.0	6.66698551	-1.03357315
40720.0	659.0	-0.66487205	1.88224769
40720.0	660.0	-0.62487203	3.56224775
40720.0	661.0	-0.26925823	3.65906429
40730.0	658.0	7.21434498	-1.02211463
40730.0	659.0	-0.15659249	1.88605118
40730.0	660.0	-0.11659247	3.56605124
40730.0	661.0	0.2478129	3.66017246
40740.0	658.0	7.73177814	-0.99070323
40740.0	659.0	0.32951653	1.89854598
40740.0	660.0	0.36951655	3.57854605
40740.0	661.0	0.7462039	3.66211295
40750.0	658.0	8.11923027	-0.9958874
40750.0	659.0	0.74139106	1.88207865
40750.0	660.0	0.78139108	3.56207871
40750.0	661.0	1.18942583	3.64458752
40760.0	658.0	8.5141716	-1.00972641
40760.0	659.0	1.12367713	1.87854409
40760.0	660.0	1.16367722	3.55854416
40760.0	661.0	1.57704747	3.6476531
40770.0	658.0	8.95433807	-1.06636691
40770.0	659.0	1.52006233	1.8454833
40770.0	660.0	1.56006241	3.52548337
40770.0	661.0	1.95860493	3.62321544
40780.0	658.0	9.39043617	-1.08312201
40780.0	659.0	1.95205438	1.83138478
40780.0	660.0	1.99205446	3.51138496
40780.0	661.0	2.40783215	3.62121201
40790.0	658.0	9.81203651	-1.1149832
40790.0	659.0	2.39704704	1.80337703
40790.0	660.0	2.43704724	3.48337698
40790.0	661.0	2.86235738	3.60887027
40800.0	662.0	2.0986166	-1.6880933
40800.0	663.0	-0.77572459	2.34879661
40800.0	664.0	-0.73572457	4.02879667
40800.0	665.0	-0.33820039	4.05499077
40810.0	662.0	2.83181524	-1.18961501
40810.0	663.0	-0.93346453	2.28960443
40810.0	664.0	-0.89346451	3.96960449
40810.0	665.0	-0.49006832	3.99632525
40820.0	662.0	3.4760704	-0.89166188
40820.0	663.0	-1.08804202	2.25492978
40820.0	664.0	-1.04804206	3.93492985
40820.0	665.0	-0.62488377	3.95280027
40830.0	662.0	4.05844212	-0.57725179
40830.0	663.0	-1.08430219	2.29338861
40830.0	664.0	-1.04430211	3.97338867
40830.0	665.0	-0.60305381	3.98804617
40840.0	662.0	4.73684454	-0.50982857
40840.0	663.0	-1.20555496	2.16901493
40840.0	664.0	-1.165555	3.849015
40840.0	665.0	-0.6965251	3.8823514
40850.0	662.0	5.13605595	-0.43168235
40850.0	663.0	-1.24716723	2.06093335
40850.0	664.0	-1.20716715	3.74093342
40850.0	665.0	-0.74570549	3.7824347
40860.0	662.0	5.47651196	-0.36800027
40860.0	663.0	-1.06603122	2.05036879
40860.0	664.0	-1.02603114	3.73036885
40860.0	665.0	-0.60323483	3.77116466
40870.0	662.0	5.80901814	-0.36242139
40870.0	663.0	-0.99213731	2.07466412
40870.0	664.0	-0.95213735	3.75466418
40870.0	665.0	-0.53344411	3.79759932
40880.0	662.0	6.03287029	-0.30095494
40880.0	663.0	-0.93267477	2.05916071
40880.0	664.0	-0.89267474	3.73916101
40880.0	665.0	-0.47383144	3.78345585
40890.0	662.0	6.03729916	-0.3280586
40890.0	663.0	-1.0075109	1.98998463
40890.0	664.0	-0.96751088	3.66998482
40890.0	665.0	-0.55374265	3.71204376
40900.0	662.0	6.17767859	-0.34930468
40900.0	663.0	-0.97050953	1.93380773
40900.0	664.0	-0.93050945	3.61380768
40900.0	665.0	-0.52006894	3.65902901
40910.0	662.0	6.56264496	-0.33136284
40910.0	663.0	-0.64233661	1.91298091
40910.0	664.0	-0.60233659	3.59298086
40910.0	665.0	-0.18590164	3.62889314
40920.0	662.0	7.10631704	-0.31729054
40920.0	663.0	-0.14101779	1.92229629
40920.0	664.0	-0.10101777	3.60229635
40920.0	665.0	0.32227036	3.63825107
40930.0	662.0	7.61887646	-0.27334273
40930.0	663.0	0.34468102	1.95213521
40930.0	664.0	0.38468105	3.63213515
40930.0	665.0	0.8170104	3.65688848
40940.0	662.0	8.01501274	-0.24716926
40940.0	663.0	0.76075685	1.96523476
40940.0	664.0	0.80075687	3.64523482
40940.0	665.0	1.24785376	3.67086124
40950.0	662.0	8.36431885	-0.25806046
40950.0	663.0	1.10210383	1.96796632
40950.0	664.0	1.14210391	3.64796638
40950.0	665.0	1.57747173	3.67790508
40960.0	662.0	8.76667786	-0.29320931
40960.0	663.0	1.48992836	1.93394327
40960.0	664.0	1.52992845	3.61394334
40960.0	665.0	1.95245087	3.64220095
40970.0	662.0	9.24145126	-0.34527349
40970.0	663.0	1.94924152	1.88740325
40970.0	664.0	1.9892416	3.56740332
40970.0	665.0	2.43316007	3.60098624
40980.0	662.0	9.6707325	-0.39769709
40980.0	663.0	2.37965202	1.83169806
40980.0	664.0	2.41965199	3.51169825
40980.0	665.0	2.8757472	3.55463099
40990.0	662.0	10.11333084	-0.44381654
40990.0	663.0	2.83797121	1.79710984
40990.0	664.0	2.87797117	3.47710991
40990.0	665.0	3.3311677	3.52828884
41000.0	666.0	1.83305061	-1.11155915
41000.0	667.0	-0.75263596	2.34818387
41000.0	668.0	-0.71263593	4.02818394
41000.0	669.0	-0.31453812	4.1845026
41010.0	666.0	2.54832244	-0.67569721
41010.0	667.0	-0.93189645	2.28975391
41010.0	668.0	-0.89189643	3.96975398
41010.0	669.0	-0.49461186	4.12687922
41020.0	666.0	3.15253162	-0.39048374
41020.0	667.0	-1.06830859	2.26002693
41020.0	668.0	-1.02830863	3.940027
41020.0	669.0	-0.63645524	4.10352421
41030.0	666.0	3.76350927	-0.10425484
41030.0	667.0	-1.11002994	2.30911756
41030.0	668.0	-1.07002985	3.98911762
41030.0	669.0	-0.6801486	4.14810276
41040.0	666.0	4.39338684	-0.09453553
41040.0	667.0	-1.22434306	2.1455493
41040.0	668.0	-1.1843431	3.82554936
41040.0	669.0	-0.80493659	3.98464584
41050.0	666.0	4.75240231	0.00642645
41050.0	667.0	-1.24740863	2.08226609
41050.0	668.0	-1.20740855	3.76226616
41050.0	669.0	-0.84960073	3.9184618
41060.0	666.0	5.02827549	-0.0061301
41060.0	667.0	-1.06206834	2.04610372
41060.0	668.0	-1.02206826	3.72610378
41060.0	669.0	-0.66908205	3.88590908
41070.0	666.0	5.28953695	0.06088841
41070.0	667.0	-0.94942075	2.0946455
41070.0	668.0	-0.90942073	3.77464557
41070.0	669.0	-0.54941797	3.9360292
41080.0	666.0	5.31508255	0.05133724
41080.0	667.0	-1.0347321	2.03085327
41080.0	668.0	-0.99473202	3.71085334
41080.0	669.0	-0.63702291	3.87219119
41090.0	666.0	5.45046568	0.03106499
41090.0	667.0	-0.99777257	1.97543621
41090.0	668.0	-0.95777255	3.65543628
41090.0	669.0	-0.60196143	3.8176918
41100.0	666.0	5.8312645	0.04648006
41100.0	667.0	-0.6712395	1.95371079
41100.0	668.0	-0.63123947	3.63371086
41100.0	669.0	-0.27186012	3.78466272
41110.0	666.0	6.37497377	0.06005037
41110.0	667.0	-0.16931152	1.96283746
41110.0	668.0	-0.1293115	3.64283752
41110.0	669.0	0.23567852	3.79355264
41120.0	666.0	6.88088942	0.10526228
41120.0	667.0	0.30887461	1.99486911
41120.0	668.0	0.34887463	3.67486906
41120.0	669.0	0.72624779	3.81564069
41130.0	666.0	7.2800703	0.1480459
41130.0	667.0	0.72786355	2.02491641
41130.0	668.0	0.76786357	3.70491648
41130.0	669.0	1.16177189	3.84788013
41140.0	666.0	7.65378475	0.15107691
41140.0	667.0	1.09144092	2.04275727
41140.0	668.0	1.13144088	3.72275734
41140.0	669.0	1.50751221	3.86647964
41150.0	666.0	8.00136566	0.13741899
41150.0	667.0	1.42826712	2.03110385
41150.0	668.0	1.4682672	3.71110392
41150.0	669.0	1.82174003	3.84768629
41160.0	666.0	8.45847702	0.09282827
41160.0	667.0	1.8621124	1.99783325
41160.0	668.0	1.90211248	3.67783332
41160.0	669.0	2.28682685	3.80789971
41170.0	666.0	8.91508675	0.03817737
41170.0	667.0	2.3118391	1.93482184
41170.0	668.0	2.35183907	3.61482191
41170.0	669.0	2.73600316	3.76110935
41180.0	666.0	9.36439991	-0.02011055
41180.0	667.0	2.78056383	1.88864088
41180.0	668.0	2.82056379	3.56864095
41180.0	669.0	3.20447612	3.71609926
41190.0	666.0	9.8043642	-0.08161736
41190.0	667.0	3.22967052	1.83276486
41190.0	668.0	3.26967049	3.51276493
41190.0	669.0	3.66865563	3.65692258
41200.0	670.0	1.63516891	-0.54975647
41200.0	671.0	-0.7711848	2.36764741
41200.0	672.0	-0.73118472	4.04764748
41200.0	673.0	-0.32081831	4.13615131
41210.0	670.0	2.38414478	-0.07553437
41210.0	671.0	-0.95996392	2.31025171
41210.0	672.0	-0.91996384	3.99025178
41210.0	673.0	-0.46244857	4.08783007
41220.0	670.0	3.06852055	0.21904972
41220.0	671.0	-1.08348298	2.26338148
41220.0	672.0	-1.0434829	3.94338131
41220.0	673.0	-0.46841073	4.02137327
41230.0	670.0	3.69059086	0.51586235
41230.0	671.0	-1.06644082	2.27703166
41230.0	672.0	-1.02644074	3.95703173
41230.0	673.0	-0.40163189	4.06483364
41240.0	670.0	4.39271402	0.57093632
41240.0	671.0	-1.10472977	2.16135669
41240.0	672.0	-1.06472969	3.84135675
41240.0	673.0	-0.38849625	3.95963788
41250.0	670.0	4.71054983	0.65038323
41250.0	671.0	-1.1493839	2.10027099
41250.0	672.0	-1.10938382	3.78027105
41250.0	673.0	-0.43281087	3.92682099
41260.0	670.0	4.99481821	0.68158531
41260.0	671.0	-0.9477582	2.07995987
41260.0	672.0	-0.90775818	3.75996017
41260.0	673.0	-0.27399534	3.89558482
41270.0	670.0	5.10137796	0.69628012
41270.0	671.0	-0.97906464	2.07757068
41270.0	672.0	-0.93906462	3.75757074
41270.0	673.0	-0.30275172	3.88005137
41280.0	670.0	5.24794245	0.68959844
41280.0	671.0	-0.95461512	2.02721119
41280.0	672.0	-0.91461509	3.70721126
41280.0	673.0	-0.27051446	3.83744431
41290.0	670.0	5.63804102	0.70785654
41290.0	671.0	-0.6271261	2.00755954
41290.0	672.0	-0.58712608	3.6875596
41290.0	673.0	0.059784	3.80423307
41300.0	670.0	6.17805481	0.71796227
41300.0	671.0	-0.1267482	2.01636696
41300.0	672.0	-0.08674818	3.69636703
41300.0	673.0	0.57388902	3.80954885
41310.0	670.0	6.66059256	0.74935484
41310.0	671.0	0.32648551	2.03423929
41310.0	672.0	0.36648554	3.71423936
41310.0	673.0	1.05107725	3.81800175
41320.0	670.0	7.04731464	0.81185496
41320.0	671.0	0.71007073	2.08731079
41320.0	672.0	0.75007075	3.76731062
41320.0	673.0	1.47878039	3.866678
41330.0	670.0	7.41192818	0.81015265
41330.0	671.0	1.05631959	2.09324932
41330.0	672.0	1.09631968	3.77324939
41330.0	673.0	1.8555876	3.88250089
41340.0	670.0	7.7253871	0.84392762
41340.0	671.0	1.3167001	2.11242843
41340.0	672.0	1.35670018	3.79242849
41340.0	673.0	2.10223365	3.89670753
41350.0	670.0	8.16486931	0.74232697
41350.0	671.0	1.7452153	2.01028967
41350.0	672.0	1.78521538	3.69028974
41350.0	673.0	2.55694294	3.79093218
41360.0	670.0	8.52727795	0.75601006
41360.0	671.0	2.11172581	2.03644562
41360.0	672.0	2.15172577	3.71644568
41360.0	673.0	2.91762924	3.81589961
41370.0	670.0	8.97045803	0.66051626
41370.0	671.0	2.55650759	1.91287708
41370.0	672.0	2.59650755	3.59287715
41370.0	673.0	3.37482572	3.69111705
41380.0	670.0	9.44789314	0.62613547
41380.0	671.0	3.02883053	1.90311599
41380.0	672.0	3.06883049	3.58311605
41380.0	673.0	3.8561511	3.67905354
41390.0	670.0	9.89683914	0.57362127
41390.0	671.0	3.42308474	1.79794264
41390.0	672.0	3.4630847	3.47794271
41390.0	673.0	4.25569439	3.58113289
41400.0	674.0	1.34832227	3.21130109
41400.0	675.0	1.92670691	3.27075315
41410.0	674.0	0.21231949	3.20964384
41410.0	675.0	0.76750576	3.26651788
41420.0	674.0	-0.69673061	3.20892382
41420.0	675.0	-0.10941541	3.24959302
41430.0	674.0	-1.64970374	3.1231246
41430.0	675.0	-1.0773927	3.18082261
41440.0	674.0	-2.61672497	2.85266304
41440.0	675.0	-2.01719141	2.91017199
41450.0	674.0	-3.549155	2.59530401
41450.0	675.0	-2.95957232	2.63568354
41460.0	674.0	-4.54271889	2.30412769
41460.0	675.0	-3.93157673	2.32152605
41470.0	674.0	-5.48076153	2.05390072
41470.0	675.0	-4.89749527	2.0604744
41480.0	674.0	-6.43968773	1.78276515
41480.0	675.0	-5.85059977	1.82198262
41490.0	674.0	-7.41905117	1.47103977
41490.0	675.0	-6.82660341	1.51921809
41500.0	674.0	-8.38526726	1.23324764
41500.0	675.0	-7.77972651	1.29289913
41510.0	674.0	-9.37759209	0.97154903
41510.0	675.0	-8.75379848	1.03253126
41520.0	674.0	-10.35771656	0.73460364
41520.0	675.0	-9.75262833	0.80653119
41530.0	674.0	-11.35069561	0.47784734
41530.0	675.0	-10.7356348	0.50711894
41540.0	674.0	-12.36852455	0.19378948
41540.0	675.0	-11.79721069	0.23453021
41550.0	674.0	-13.34302235	-0.06675935
41550.0	675.0	-12.78849888	-0.02137899
41560.0	674.0	-14.21971798	-0.34526706
41560.0	675.0	-13.66282654	-0.28814268
41570.0	674.0	-15.09743023	-0.58084154
41570.0	675.0	-14.5089016	-0.47758508
41580.0	674.0	-15.90882206	-0.861274
41580.0	675.0	-15.27676201	-0.77472901
41590.0	674.0	-16.67139626	-1.11080146
41590.0	675.0	-15.98148155	-1.01309085
41600.0	676.0	-1.00932705	-0.32096112
41600.0	677.0	2.1739707	3.63541174
41610.0	676.0	-0.52333421	-0.28320289
41610.0	677.0	1.14682508	3.74481487
41620.0	676.0	0.05508494	-0.30499399
41620.0	677.0	0.17233491	3.73228168
41630.0	676.0	0.61993146	-0.18235314
41630.0	677.0	-0.86684084	3.65304971
41640.0	676.0	1.03304577	-0.09718901
41640.0	677.0	-1.82263303	3.42904496
41650.0	676.0	1.33645844	-0.02952409
41650.0	677.0	-2.76191545	3.14186978
41660.0	676.0	1.66016674	-0.00070173
41660.0	677.0	-3.77899194	2.87496305
41670.0	676.0	2.01387191	0.03453755
41670.0	677.0	-4.79604244	2.6146512
41680.0	676.0	2.37736988	0.06361991
41680.0	677.0	-5.81764126	2.35053754
41690.0	676.0	2.7413044	0.09526962
41690.0	677.0	-6.83364487	2.09021807
41700.0	676.0	3.10072351	0.12586093
41700.0	677.0	-7.83090687	1.82339883
41710.0	676.0	3.45884776	0.15023094
41710.0	677.0	-8.82785034	1.54902887
41720.0	676.0	3.81289744	0.1762135
41720.0	677.0	-9.81262207	1.27887392
41730.0	676.0	4.17827797	0.19330472
41730.0	677.0	-10.79020882	0.99849439
41740.0	676.0	4.54608917	0.19564688
41740.0	677.0	-11.77966213	0.72617388
41750.0	676.0	4.89866829	0.17778587
41750.0	677.0	-12.77147198	0.44285631
41760.0	676.0	5.30268192	0.1264711
41760.0	677.0	-13.71946716	0.14081526
41770.0	676.0	5.73692989	0.06755444
41770.0	677.0	-14.65745354	-0.09332514
41780.0	676.0	6.15730381	-0.0074847
41780.0	677.0	-15.51670837	-0.32303357
41790.0	676.0	6.57390022	-0.07064569
41790.0	677.0	-16.33270454	-0.56883669
41800.0	678.0	-1.08214462	-0.34562773
41800.0	679.0	2.19997025	3.00081921
41810.0	678.0	-0.506405	-0.3034355
41810.0	679.0	1.21622527	3.04111409
41820.0	678.0	0.00851858	-0.31093639
41820.0	679.0	0.29026616	3.01365685
41830.0	678.0	0.45665276	-0.19777951
41830.0	679.0	-0.76649737	2.96154523
41840.0	678.0	0.82871592	-0.1229068
41840.0	679.0	-1.72529101	2.71216202
41850.0	678.0	1.10776556	-0.07479268
41850.0	679.0	-2.68272948	2.41061401
41860.0	678.0	1.44001997	-0.05410501
41860.0	679.0	-3.66080022	2.14949775
41870.0	678.0	1.80048406	-0.02180159
41870.0	679.0	-4.66218472	1.89427018
41880.0	678.0	2.16609859	0.00979358
41880.0	679.0	-5.67103386	1.63365674
41890.0	678.0	2.52492332	0.040544
41890.0	679.0	-6.66911125	1.3669436
41900.0	678.0	2.88256216	0.06531811
41900.0	679.0	-7.67009258	1.09328675
41910.0	678.0	3.23487902	0.0943664
41910.0	679.0	-8.653265	0.82685494
41920.0	678.0	3.58787918	0.11760554
41920.0	679.0	-9.64064312	0.5471139
41930.0	678.0	3.94965029	0.14119619
41930.0	679.0	-10.62035847	0.27615023
41940.0	678.0	4.32059145	0.13963461
41940.0	679.0	-11.60485935	-0.00978518
41950.0	678.0	4.66984558	0.12452829
41950.0	679.0	-12.6116991	-0.28297973
41960.0	678.0	5.06911707	0.07600799
41960.0	679.0	-13.56110954	-0.56594443
41970.0	678.0	5.50473642	0.01233453
41970.0	679.0	-14.46988392	-0.81174707
41980.0	678.0	5.92918158	-0.05968007
41980.0	679.0	-15.33409595	-0.98291898
41990.0	678.0	6.3406167	-0.1299476
41990.0	679.0	-16.11686134	-1.24754572
42000.0	680.0	-1.12384558	-0.30068633
42000.0	681.0	2.32200813	2.4984498
42010.0	680.0	-0.62022722	-0.29634386
42010.0	681.0	1.36100841	2.53737497
42020.0	680.0	-0.06995106	-0.28184587
42020.0	681.0	0.40960741	2.54872108
42030.0	680.0	0.45134628	-0.18957129
42030.0	681.0	-0.59355545	2.48797274
42040.0	680.0	0.81956053	-0.10251394
42040.0	681.0	-1.54133725	2.22853565
42050.0	680.0	1.1180104	-0.04672465
42050.0	681.0	-2.4836607	1.94846082
42060.0	680.0	1.45028794	-0.02000624
42060.0	681.0	-3.48160696	1.68931556
42070.0	680.0	1.80572927	0.01370081
42070.0	681.0	-4.48258686	1.42577279
42080.0	680.0	2.16571665	0.04370621
42080.0	681.0	-5.46747971	1.15948868
42090.0	680.0	2.52349806	0.06844142
42090.0	681.0	-6.46463203	0.88805103
42100.0	680.0	2.87574768	0.09671307
42100.0	681.0	-7.45516205	0.62125611
42110.0	680.0	3.22904205	0.12075639
42110.0	681.0	-8.44553757	0.3466239
42120.0	680.0	3.58187056	0.14682496
42120.0	681.0	-9.44245911	0.07674932
42130.0	680.0	3.94664097	0.16492045
42130.0	681.0	-10.42933559	-0.20086765
42140.0	680.0	4.31625986	0.16643101
42140.0	681.0	-11.42422676	-0.4755249
42150.0	680.0	4.66931295	0.14914447
42150.0	681.0	-12.4210701	-0.75324488
42160.0	680.0	5.06925869	0.09968382
42160.0	681.0	-13.34903717	-1.0362668
42170.0	680.0	5.50263214	0.0385915
42170.0	681.0	-14.27410412	-1.26022196
42180.0	680.0	5.92457581	-0.03473094
42180.0	681.0	-15.11667156	-1.47778988
42190.0	680.0	6.33724689	-0.10184428
42190.0	681.0	-15.91658688	-1.74790621
42200.0	682.0	-1.16564322	-0.25648296
42200.0	683.0	2.31918168	1.88503289
42200.0	684.0	1.05525804	3.1744957
42210.0	682.0	-0.67744678	-0.25446174
42210.0	683.0	1.38993371	1.89784157
42210.0	684.0	0.05643606	3.24011087
42220.0	682.0	-0.13485909	-0.24879009
42220.0	683.0	0.52164245	1.89834833
42220.0	684.0	-0.88479674	3.23553228
42230.0	682.0	0.33930302	-0.18329152
42230.0	683.0	-0.51638842	1.87139738
42230.0	684.0	-1.91931975	3.16987777
42240.0	682.0	0.72246265	-0.10775739
42240.0	683.0	-1.45730066	1.6255579
42240.0	684.0	-2.87012053	2.93555164
42250.0	682.0	1.03932321	-0.06009525
42250.0	683.0	-2.37013936	1.37137842
42250.0	684.0	-3.78949738	2.67038584
42260.0	682.0	1.37443531	-0.0264672
42260.0	683.0	-3.32739139	1.1078043
42260.0	684.0	-4.76166487	2.39546251
42270.0	682.0	1.73834121	0.005555
42270.0	683.0	-4.28687954	0.83494163
42270.0	684.0	-5.7376442	2.13739824
42280.0	682.0	2.09978962	0.02960789
42280.0	683.0	-5.26690006	0.57247031
42280.0	684.0	-6.73405409	1.87146926
42290.0	682.0	2.45301485	0.05718285
42290.0	683.0	-6.25552368	0.30679178
42290.0	684.0	-7.72627783	1.59992659
42300.0	682.0	2.80459642	0.08340555
42300.0	683.0	-7.25579357	0.03215754
42300.0	684.0	-8.71735001	1.33470249
42310.0	682.0	3.15441465	0.11012143
42310.0	683.0	-8.25443363	-0.23797071
42310.0	684.0	-9.7125845	1.06876111
42320.0	682.0	3.51005888	0.13518563
42320.0	683.0	-9.24924946	-0.52079809
42320.0	684.0	-10.69765186	0.78473449
42330.0	682.0	3.87722969	0.15364212
42330.0	683.0	-10.23851299	-0.80573976
42330.0	684.0	-11.67662716	0.50745058
42340.0	682.0	4.25148392	0.15294927
42340.0	683.0	-11.2114706	-1.06187236
42340.0	684.0	-12.64352322	0.25884318
42350.0	682.0	4.60345554	0.13407004
42350.0	683.0	-12.19595051	-1.31847703
42350.0	684.0	-13.6132412	-0.00256968
42360.0	682.0	4.99949455	0.08851248
42360.0	683.0	-13.1069603	-1.58021677
42360.0	684.0	-14.50892925	-0.25135922
42370.0	682.0	5.43563175	0.02400458
42370.0	683.0	-13.97955418	-1.8078233
42370.0	684.0	-15.3673811	-0.47616458
42380.0	682.0	5.85925531	-0.04667538
42380.0	683.0	-14.8120966	-2.00348854
42380.0	684.0	-16.17457962	-0.67683339
42390.0	682.0	6.26556587	-0.12296557
42390.0	683.0	-15.52997875	-2.29292965
42390.0	684.0	-16.87488174	-0.97506213
42400.0	685.0	-1.19563985	-0.1735149
42400.0	686.0	1.10214007	2.68544698
42410.0	685.0	-0.6462096	-0.160768
42410.0	686.0	-0.01670754	2.77081132
42420.0	685.0	-0.05954289	-0.16298719
42420.0	686.0	-0.97223508	2.75599527
42430.0	685.0	0.46504891	-0.06217039
42430.0	686.0	-2.03266668	2.72226286
42440.0	685.0	0.82554507	0.02865297
42440.0	686.0	-2.9932766	2.45469141
42450.0	685.0	1.09649634	0.07651991
42450.0	686.0	-3.9324789	2.16495705
42460.0	685.0	1.40807748	0.09851235
42460.0	686.0	-4.92394972	1.90536797
42470.0	685.0	1.76682734	0.12502176
42470.0	686.0	-5.93098688	1.63027906
42480.0	685.0	2.12710404	0.15783834
42480.0	686.0	-6.92779684	1.36010957
42490.0	685.0	2.48109508	0.1868991
42490.0	686.0	-7.92873526	1.09346199
42500.0	685.0	2.83155274	0.21347067
42500.0	686.0	-8.94469643	0.82449007
42510.0	685.0	3.18498778	0.23896113
42510.0	686.0	-9.94608498	0.55439901
42520.0	685.0	3.53224635	0.26644444
42520.0	686.0	-10.94556999	0.29628587
42530.0	685.0	3.89579415	0.28906775
42530.0	686.0	-11.91992569	0.03097844
42540.0	685.0	4.27475166	0.28699237
42540.0	686.0	-12.89019585	-0.25113893
42550.0	685.0	4.62492657	0.27244347
42550.0	686.0	-13.89765358	-0.48781753
42560.0	685.0	5.02026844	0.22772264
42560.0	686.0	-14.80641079	-0.72807908
42570.0	685.0	5.45248985	0.16511229
42570.0	686.0	-15.69214439	-1.01111341
42580.0	685.0	5.87487316	0.09207368
42580.0	686.0	-16.5284977	-1.20511365
42590.0	685.0	6.28064823	0.02038747
42590.0	686.0	-17.3171196	-1.44787192
42600.0	687.0	-1.19571924	-0.16123563
42600.0	688.0	1.08589721	2.13871217
42610.0	687.0	-0.65967947	-0.18724722
42610.0	688.0	0.02412665	2.19568062
42620.0	687.0	-0.09948254	-0.18114752
42620.0	688.0	-0.93493617	2.21210814
42630.0	687.0	0.42623937	-0.09108832
42630.0	688.0	-1.99057281	2.17345595
42640.0	687.0	0.80301785	-0.00093932
42640.0	688.0	-2.9655714	1.92338181
42650.0	687.0	1.10035801	0.04721083
42650.0	688.0	-3.89345551	1.64349771
42660.0	687.0	1.42522025	0.07050689
42660.0	688.0	-4.87749338	1.37920725
42670.0	687.0	1.77545595	0.09977119
42670.0	688.0	-5.87707758	1.10892606
42680.0	687.0	2.12866402	0.12720005
42680.0	688.0	-6.87760592	0.8427
42690.0	687.0	2.47820044	0.15543117
42690.0	688.0	-7.89665556	0.57301104
42700.0	687.0	2.83083797	0.1820458
42700.0	688.0	-8.89958286	0.30238175
42710.0	687.0	3.17873788	0.21043594
42710.0	688.0	-9.89978027	0.04644036
42720.0	687.0	3.53036094	0.23665772
42720.0	688.0	-10.90502262	-0.2120254
42730.0	687.0	3.89447427	0.25592458
42730.0	688.0	-11.88995266	-0.47733951
42740.0	687.0	4.26177597	0.25622886
42740.0	688.0	-12.87545872	-0.73386073
42750.0	687.0	4.60753918	0.23624228
42750.0	688.0	-13.85617924	-1.00725508
42760.0	687.0	5.00272846	0.18730561
42760.0	688.0	-14.77211761	-1.28784156
42770.0	687.0	5.43791103	0.12575544
42770.0	688.0	-15.67755222	-1.51724648
42780.0	687.0	5.8584795	0.05331238
42780.0	688.0	-16.53097534	-1.73619914
42790.0	687.0	6.27096367	-0.01520538
42790.0	688.0	-17.33883476	-2.01086569
42800.0	689.0	-1.19196594	-0.14741981
42800.0	690.0	1.11869931	1.63009214
42810.0	689.0	-0.63891643	-0.14977291
42810.0	690.0	-0.05732417	1.73371458
42820.0	689.0	-0.07196927	-0.14492711
42820.0	690.0	-1.01384199	1.70987475
42830.0	689.0	0.44812202	-0.04736994
42830.0	690.0	-2.13208437	1.66251075
42840.0	689.0	0.79645777	0.04735203
42840.0	690.0	-3.09740686	1.38505888
42850.0	689.0	1.07864308	0.09153731
42850.0	690.0	-4.05323982	1.07872236
42860.0	689.0	1.40250802	0.10956834
42860.0	690.0	-5.06009483	0.82668972
42870.0	689.0	1.7502346	0.1403677
42870.0	690.0	-6.08093834	0.56433558
42880.0	689.0	2.1058507	0.17025067
42880.0	690.0	-7.1064806	0.29316556
42890.0	689.0	2.46108651	0.19801815
42890.0	690.0	-8.11341095	0.02196705
42900.0	689.0	2.81005263	0.2254376
42900.0	690.0	-9.11891079	-0.23359716
42910.0	689.0	3.15952611	0.25415361
42910.0	690.0	-10.12805176	-0.48790157
42920.0	689.0	3.51034236	0.28095204
42920.0	690.0	-11.11723995	-0.7486378
42930.0	689.0	3.87441993	0.30028737
42930.0	690.0	-12.0988512	-1.01453412
42940.0	689.0	4.24352741	0.30023432
42940.0	690.0	-13.08782482	-1.27327597
42950.0	689.0	4.58586693	0.28245616
42950.0	690.0	-14.08077049	-1.54585111
42960.0	689.0	4.98254871	0.23321949
42960.0	690.0	-14.9821167	-1.84563148
42970.0	689.0	5.41862106	0.17051782
42970.0	690.0	-15.91533279	-2.06644249
42980.0	689.0	5.83967781	0.09615065
42980.0	690.0	-16.75868225	-2.28319359
42990.0	689.0	6.25152683	0.02788912
42990.0	690.0	-17.58989906	-2.54431248
43000.0	691.0	-1.14211416	-0.2122972
43000.0	692.0	2.51983714	-8.78822327
43010.0	691.0	-1.33784688	-0.27397972
43010.0	692.0	3.49768496	-8.28747845
43020.0	691.0	-1.4624058	-0.32118785
43020.0	692.0	4.21144485	-8.04165459
43030.0	691.0	-1.47852635	-0.26915768
43030.0	692.0	4.80097866	-7.73149014
43040.0	691.0	-1.6162219	-0.3919414
43040.0	692.0	5.51938963	-7.77304363
43050.0	691.0	-1.65934908	-0.4613902
43050.0	692.0	5.84834719	-7.68374825
43060.0	691.0	-1.5454452	-0.48139721
43060.0	692.0	6.08581829	-7.67237473
43070.0	691.0	-1.54522347	-0.46866953
43070.0	692.0	6.2914772	-7.64807558
43080.0	691.0	-1.58412945	-0.5001561
43080.0	692.0	6.39344406	-7.64784527
43090.0	691.0	-1.61907601	-0.53660798
43090.0	692.0	6.45614195	-7.6563735
43100.0	691.0	-1.66221452	-0.59239113
43100.0	692.0	6.45953846	-7.68704081
43110.0	691.0	-1.7294935	-0.64606839
43110.0	692.0	6.44889927	-7.72486782
43120.0	691.0	-1.79495454	-0.73418522
43120.0	692.0	6.4942441	-7.75642061
43130.0	691.0	-1.58096027	-0.76224494
43130.0	692.0	6.86825991	-7.73801899
43140.0	691.0	-1.19364119	-0.80281955
43140.0	692.0	7.41849852	-7.75652647
43150.0	691.0	-0.80930102	-0.86346555
43150.0	692.0	7.98077631	-7.81208086
43160.0	691.0	-0.19845414	-0.93247354
43160.0	692.0	8.74996376	-7.82331038
43170.0	691.0	0.18683374	-0.98468882
43170.0	692.0	9.3745594	-7.70195007
43180.0	691.0	0.54225183	-1.00242054
43180.0	692.0	10.0036602	-7.5491395
43190.0	691.0	1.06775236	-0.99163425
43190.0	692.0	10.86616898	-7.38122368
43200.0	693.0	-1.14367998	-0.21341829
43200.0	694.0	2.38795757	-8.38364887
43210.0	693.0	-1.34329259	-0.27882451
43210.0	694.0	3.35883665	-7.86819935
43220.0	693.0	-1.45799661	-0.33574599
43220.0	694.0	4.08186054	-7.63767052
43230.0	693.0	-1.47411788	-0.27845383
43230.0	694.0	4.63222408	-7.36946726
43240.0	693.0	-1.59318888	-0.40241781
43240.0	694.0	5.32138348	-7.41817999
43250.0	693.0	-1.64830971	-0.47234631
43250.0	694.0	5.64585209	-7.33537769
43260.0	693.0	-1.55363166	-0.48444259
43260.0	694.0	5.86940861	-7.31013584
43270.0	693.0	-1.55233145	-0.47394997
43270.0	694.0	6.07102346	-7.30156803
43280.0	693.0	-1.60404301	-0.50642711
43280.0	694.0	6.15981293	-7.28499746
43290.0	693.0	-1.63055849	-0.55589885
43290.0	694.0	6.21487236	-7.30702305
43300.0	693.0	-1.68400526	-0.59648794
43300.0	694.0	6.19130611	-7.34668159
43310.0	693.0	-1.73427546	-0.6469214
43310.0	694.0	6.23045921	-7.36141634
43320.0	693.0	-1.82133448	-0.72688681
43320.0	694.0	6.27816057	-7.39649105
43330.0	693.0	-1.67062783	-0.78961867
43330.0	694.0	6.61613464	-7.42583847
43340.0	693.0	-1.30423665	-0.79432982
43340.0	694.0	7.12298203	-7.36482668
43350.0	693.0	-0.90199041	-0.83644712
43350.0	694.0	7.69030094	-7.40246773
43360.0	693.0	-0.33584261	-0.88969642
43360.0	694.0	8.37380314	-7.40886021
43370.0	693.0	0.1211319	-0.95447183
43370.0	694.0	8.99662304	-7.36825323
43380.0	693.0	0.4974575	-1.0001874
43380.0	694.0	9.55264568	-7.25302887
43390.0	693.0	1.0419755	-0.97622687
43390.0	694.0	10.39237976	-7.0843029
43400.0	695.0	-1.14651585	-0.2184588
43400.0	696.0	2.38083625	-7.85539579
43410.0	695.0	-1.3420862	-0.2772674
43410.0	696.0	3.3590703	-7.36255026
43420.0	695.0	-1.47459686	-0.31557494
43420.0	696.0	4.05200005	-7.12923813
43430.0	695.0	-1.4946003	-0.27411029
43430.0	696.0	4.635849	-6.86301327
43440.0	695.0	-1.61332226	-0.39670771
43440.0	696.0	5.3528986	-6.89584398
43450.0	695.0	-1.67326331	-0.4585408
43450.0	696.0	5.64920425	-6.80452442
43460.0	695.0	-1.55204868	-0.48604751
43460.0	696.0	5.85141993	-6.79959011
43470.0	695.0	-1.55649126	-0.46394038
43470.0	696.0	6.03702831	-6.77002525
43480.0	695.0	-1.60109174	-0.50673503
43480.0	696.0	6.11365128	-6.76548958
43490.0	695.0	-1.64424276	-0.53938162
43490.0	696.0	6.1351614	-6.79604816
43500.0	695.0	-1.69429755	-0.59037822
43500.0	696.0	6.16066074	-6.81776857
43510.0	695.0	-1.72053075	-0.63014042
43510.0	696.0	6.23562813	-6.82310486
43520.0	695.0	-1.75155139	-0.70266092
43520.0	696.0	6.30600691	-6.87435913
43530.0	695.0	-1.77450299	-0.75694084
43530.0	696.0	6.32862759	-6.90362644
43540.0	695.0	-1.617576	-0.80102342
43540.0	696.0	6.53883839	-6.90967798
43550.0	695.0	-1.32831597	-0.87151963
43550.0	696.0	6.86565304	-6.95820904
43560.0	695.0	-0.91342402	-0.95924884
43560.0	696.0	7.37497902	-7.02509308
43570.0	695.0	-0.49540079	-1.01558924
43570.0	696.0	7.94221973	-7.06855202
43580.0	695.0	-0.07423675	-1.08823323
43580.0	696.0	8.51037598	-7.07203245
43590.0	695.0	0.25212145	-1.11767852
43590.0	696.0	8.986619	-7.0239377
43600.0	697.0	-1.14005387	-0.21011508
43600.0	698.0	2.42673206	-7.36936331
43610.0	697.0	-1.32344937	-0.27519995
43610.0	698.0	3.39155674	-6.85107756
43620.0	697.0	-1.42183614	-0.33477971
43620.0	698.0	4.12874889	-6.60173988
43630.0	697.0	-1.41478884	-0.2788597
43630.0	698.0	4.72272491	-6.26446438
43640.0	697.0	-1.53390944	-0.40221357
43640.0	698.0	5.45267868	-6.3163476
43650.0	697.0	-1.58465993	-0.46097559
43650.0	698.0	5.76410055	-6.22578144
43660.0	697.0	-1.49822021	-0.49007779
43660.0	698.0	5.9628315	-6.21251488
43670.0	697.0	-1.50158668	-0.48409492
43670.0	698.0	6.15236282	-6.19081688
43680.0	697.0	-1.55176294	-0.51033175
43680.0	698.0	6.21780014	-6.19314384
43690.0	697.0	-1.59069228	-0.55005014
43690.0	698.0	6.26449776	-6.20968151
43700.0	697.0	-1.6128552	-0.59022814
43700.0	698.0	6.34480858	-6.21817589
43710.0	697.0	-1.63893235	-0.65914559
43710.0	698.0	6.41752291	-6.26633835
43720.0	697.0	-1.67716074	-0.70880622
43720.0	698.0	6.42249298	-6.2887454
43730.0	697.0	-1.52402234	-0.73662841
43730.0	698.0	6.64052486	-6.27675581
43740.0	697.0	-1.21938276	-0.77567965
43740.0	698.0	6.9813571	-6.29190159
43750.0	697.0	-0.838292	-0.84737641
43750.0	698.0	7.44116402	-6.34023857
43760.0	697.0	-0.40940136	-0.88074028
43760.0	698.0	7.97712469	-6.37237978
43770.0	697.0	0.06320512	-0.97258592
43770.0	698.0	8.55420303	-6.40269947
43780.0	697.0	0.38675368	-0.97127885
43780.0	698.0	8.9884634	-6.35302734
43790.0	697.0	0.77372885	-1.00522327
43790.0	698.0	9.4940052	-6.33113098
43800.0	699.0	-1.14693916	-0.21741533
43800.0	700.0	2.36740947	-6.90889788
43810.0	699.0	-1.32841492	-0.2841081
43810.0	700.0	3.32973337	-6.41465092
43820.0	699.0	-1.43904221	-0.3445054
43820.0	700.0	4.05934811	-6.19453716
43830.0	699.0	-1.44319725	-0.2957975
43830.0	700.0	4.60626698	-5.95066595
43840.0	699.0	-1.5462718	-0.40661317
43840.0	700.0	5.28980637	-5.99188805
43850.0	699.0	-1.6127162	-0.47435182
43850.0	700.0	5.58389854	-5.88278437
43860.0	699.0	-1.53260016	-0.49495751
43860.0	700.0	5.78146791	-5.84965372
43870.0	699.0	-1.53985333	-0.48436737
43870.0	700.0	5.93352032	-5.85125208
43880.0	699.0	-1.59752393	-0.51895243
43880.0	700.0	5.9977932	-5.84046364
43890.0	699.0	-1.61546791	-0.55748981
43890.0	700.0	6.08631229	-5.84902048
43900.0	699.0	-1.64463878	-0.6270662
43900.0	700.0	6.15672159	-5.89808083
43910.0	699.0	-1.70449972	-0.67507571
43910.0	700.0	6.14515972	-5.91640759
43920.0	699.0	-1.60449386	-0.70072311
43920.0	700.0	6.32677174	-5.89523506
43930.0	699.0	-1.29605401	-0.72166389
43930.0	700.0	6.70467377	-5.88259315
43940.0	699.0	-0.88530999	-0.74585253
43940.0	700.0	7.21652603	-5.88433933
43950.0	699.0	-0.45283347	-0.74462897
43950.0	700.0	7.7177124	-5.87148142
43960.0	699.0	0.01093233	-0.80109382
43960.0	700.0	8.25065136	-5.87200451
43970.0	699.0	0.36914682	-0.79435909
43970.0	700.0	8.70901299	-5.82711267
43980.0	699.0	0.71797156	-0.84325969
43980.0	700.0	9.13739395	-5.84222651
43990.0	699.0	1.15059376	-0.87010425
43990.0	700.0	9.61766243	-5.85633802
44000.0	701.0	-1.12599421	-0.23045889
44000.0	702.0	2.37484884	-6.39904976
44010.0	701.0	-1.31036866	-0.29042447
44010.0	702.0	3.31993651	-5.95410252
44020.0	701.0	-1.44539666	-0.31386104
44020.0	702.0	3.98068714	-5.77027607
44030.0	701.0	-1.47314274	-0.28364968
44030.0	702.0	4.50200176	-5.53078556
44040.0	701.0	-1.59699488	-0.38869679
44040.0	702.0	5.16208029	-5.57890463
44050.0	701.0	-1.67813301	-0.47390884
44050.0	702.0	5.42762566	-5.48453856
44060.0	701.0	-1.56220341	-0.50254363
44060.0	702.0	5.581954	-5.47741795
44070.0	701.0	-1.53998482	-0.48035192
44070.0	702.0	5.73764515	-5.46208572
44080.0	701.0	-1.57206118	-0.4980576
44080.0	702.0	5.84636974	-5.43509865
44090.0	701.0	-1.6109035	-0.56744331
44090.0	702.0	5.9260416	-5.4824729
44100.0	701.0	-1.67020082	-0.61813366
44100.0	702.0	5.91653681	-5.50345135
44110.0	701.0	-1.56053519	-0.64184898
44110.0	702.0	6.10230017	-5.48341942
44120.0	701.0	-1.25482917	-0.6604194
44120.0	702.0	6.45704651	-5.46573162
44130.0	701.0	-0.84427327	-0.66941559
44130.0	702.0	6.91922712	-5.46061468
44140.0	701.0	-0.397636	-0.65138823
44140.0	702.0	7.42264938	-5.44091511
44150.0	701.0	0.04072154	-0.68301779
44150.0	702.0	7.94095325	-5.44953251
44160.0	701.0	0.3531307	-0.67107064
44160.0	702.0	8.34701347	-5.42205286
44170.0	701.0	0.69743085	-0.741189
44170.0	702.0	8.77568626	-5.49366283
44180.0	701.0	1.11581922	-0.79238898
44180.0	702.0	9.26888847	-5.52964497
44190.0	701.0	1.54293919	-0.86284965
44190.0	702.0	9.70822716	-5.57401752
44200.0	703.0	-1.13997877	-0.21774255
44200.0	704.0	2.45205808	-5.91095114
44210.0	703.0	-1.34145522	-0.28715122
44210.0	704.0	3.39317274	-5.48212576
44220.0	703.0	-1.45164824	-0.33674917
44220.0	704.0	4.0690856	-5.31903315
44230.0	703.0	-1.4758544	-0.29352617
44230.0	704.0	4.59210014	-5.08565331
44240.0	703.0	-1.58722901	-0.41186875
44240.0	704.0	5.27082396	-5.14438438
44250.0	703.0	-1.63701403	-0.47359866
44250.0	704.0	5.51461983	-5.05267525
44260.0	703.0	-1.55219555	-0.49300826
44260.0	704.0	5.66430378	-5.03386497
44270.0	703.0	-1.55389309	-0.47548145
44270.0	704.0	5.83710861	-5.00033045
44280.0	703.0	-1.59664559	-0.53594792
44280.0	704.0	5.93068218	-5.02849102
44290.0	703.0	-1.65068281	-0.57895529
44290.0	704.0	5.92373085	-5.04822779
44300.0	703.0	-1.53800392	-0.60310918
44300.0	704.0	6.11152077	-5.03075457
44310.0	703.0	-1.2310313	-0.61968851
44310.0	704.0	6.46822548	-5.01404428
44320.0	703.0	-0.848562	-0.60617918
44320.0	704.0	6.90342236	-4.98482561
44330.0	703.0	-0.44425255	-0.5749529
44330.0	704.0	7.34860039	-4.93183279
44340.0	703.0	-0.0118959	-0.56459004
44340.0	704.0	7.84024811	-4.90694523
44350.0	703.0	0.28282011	-0.54998273
44350.0	704.0	8.21920109	-4.89791965
44360.0	703.0	0.55479026	-0.6044963
44360.0	704.0	8.56227303	-4.95779657
44370.0	703.0	1.02621531	-0.69700104
44370.0	704.0	9.07016182	-5.04840374
44380.0	703.0	1.49886489	-0.70620179
44380.0	704.0	9.53510094	-5.03807974
44390.0	703.0	2.00361991	-0.74546534
44390.0	704.0	10.03665066	-5.08158541
44400.0	705.0	-1.13354826	-0.23931226
44400.0	706.0	2.51434135	-5.45040512
44400.0	707.0	-1.4541862	-6.73912477
44400.0	708.0	-1.40948582	-8.22716904
44400.0	709.0	-1.27354813	-2.68931222
44400.0	710.0	-0.43354815	3.39068794
44410.0	705.0	-1.29166722	-0.28786936
44410.0	706.0	3.20866442	-5.14325523
44410.0	707.0	-1.60983694	-6.7879262
44410.0	708.0	-1.55509126	-8.27593899
44410.0	709.0	-1.43166733	-2.7378695
44410.0	710.0	-0.59166723	3.34213066
44420.0	705.0	-1.44810021	-0.31794697
44420.0	706.0	3.82204342	-4.97149611
44420.0	707.0	-1.76308501	-6.8181982
44420.0	708.0	-1.69983113	-8.30730152
44420.0	709.0	-1.58810019	-2.76794696
44420.0	710.0	-0.74810016	3.3120532
44430.0	705.0	-1.45468497	-0.24251744
44430.0	706.0	4.29768753	-4.772686
44430.0	707.0	-1.76961875	-6.74377918
44430.0	708.0	-1.69310188	-8.23725891
44430.0	709.0	-1.59468496	-2.69251752
44430.0	710.0	-0.75468493	3.38748264
44440.0	705.0	-1.649019	-0.41494435
44440.0	706.0	4.65097141	-4.83187056
44440.0	707.0	-1.96120644	-6.91478825
44440.0	708.0	-1.87137532	-8.39393902
44440.0	709.0	-1.78901899	-2.86494446
44440.0	710.0	-0.94901896	3.2150557
44450.0	705.0	-1.74336183	-0.48101062
44450.0	706.0	4.78453922	-4.77647495
44450.0	707.0	-2.0502944	-6.97958422
44450.0	708.0	-1.9564352	-8.45575809
44450.0	709.0	-1.88336182	-2.93101072
44450.0	710.0	-1.04336178	3.14898944
44460.0	705.0	-1.62542593	-0.51876289
44460.0	706.0	4.90358114	-4.79549122
44460.0	707.0	-1.93097997	-7.0168438
44460.0	708.0	-1.85977411	-8.49193573
44460.0	709.0	-1.76542592	-2.96876287
44460.0	710.0	-0.92542589	3.11123729
44470.0	705.0	-1.61416149	-0.50750864
44470.0	706.0	5.05910683	-4.82166862
44470.0	707.0	-1.92077279	-7.00543785
44470.0	708.0	-1.86726737	-8.48090744
44470.0	709.0	-1.75416148	-2.9575088
44470.0	710.0	-0.91416144	3.12249136
44480.0	705.0	-1.74058461	-0.56694651
44480.0	706.0	5.02944279	-4.84239864
44480.0	707.0	-2.05224085	-7.06255913
44480.0	708.0	-2.00555849	-8.53690624
44480.0	709.0	-1.88058472	-3.01694655
44480.0	710.0	-1.04058456	3.06305361
44490.0	705.0	-1.71391046	-0.57263505
44490.0	706.0	5.14221096	-4.81612635
44490.0	707.0	-2.02976561	-7.0677166
44490.0	708.0	-1.98962891	-8.54594898
44490.0	709.0	-1.85391045	-3.02263498
44490.0	710.0	-1.01391041	3.05736494
44500.0	705.0	-1.34298503	-0.54294056
44500.0	706.0	5.55590677	-4.73636389
44500.0	707.0	-1.65868902	-7.03912687
44500.0	708.0	-1.62885404	-8.52375031
44500.0	709.0	-1.48298502	-2.99294066
44500.0	710.0	-0.64298499	3.0870595
44510.0	705.0	-0.84234905	-0.58038259
44510.0	706.0	6.12130356	-4.74819136
44510.0	707.0	-1.15942669	-7.07915545
44510.0	708.0	-1.1364001	-8.56987381
44510.0	709.0	-0.98234904	-3.03038263
44510.0	710.0	-0.14234897	3.04961753
44520.0	705.0	-0.30785835	-0.47471201
44520.0	706.0	6.69549465	-4.62157249
44520.0	707.0	-0.6197536	-6.97502613
44520.0	708.0	-0.59896255	-8.47104168
44520.0	709.0	-0.44785833	-2.92471218
44520.0	710.0	0.3921417	3.15528822
44530.0	705.0	0.16830802	-0.57254553
44530.0	706.0	7.25300121	-4.6839962
44530.0	707.0	-0.13941371	-7.07206249
44530.0	708.0	-0.12981236	-8.56898975
44530.0	709.0	0.02830803	-3.02254558
44530.0	710.0	0.86830807	3.05745459
44540.0	705.0	0.45597434	-0.49679929
44540.0	706.0	7.60368252	-4.55626154
44540.0	707.0	0.14538825	-6.99270296
44540.0	708.0	0.1599884	-8.49602604
44540.0	709.0	0.31597435	-2.94679928
44540.0	710.0	1.15597439	3.13320088
44550.0	705.0	0.63552368	-0.59010202
44550.0	706.0	7.84027958	-4.62087345
44550.0	707.0	0.32406414	-7.08622408
44550.0	708.0	0.33021045	-8.5927639
44550.0	709.0	0.49552369	-3.04010201
44550.0	710.0	1.33552372	3.03989816
44560.0	705.0	1.05669188	-0.65933603
44560.0	706.0	8.26959801	-4.67165804
44560.0	707.0	0.73252439	-7.14531898
44560.0	708.0	0.72911906	-8.64891815
44560.0	709.0	0.9166919	-3.10933614
44560.0	710.0	1.75669193	2.97066402
44570.0	705.0	1.54793692	-0.73080885
44570.0	706.0	8.79402256	-4.74960136
44570.0	707.0	1.22669053	-7.23048592
44570.0	708.0	1.22539496	-8.73150158
44570.0	709.0	1.40793693	-3.18080902
44570.0	710.0	2.24793696	2.89919138
44580.0	705.0	2.01440549	-0.79393208
44580.0	706.0	9.274189	-4.80822659
44580.0	707.0	1.69347095	-7.28994942
44580.0	708.0	1.68786359	-8.79461288
44580.0	709.0	1.8744055	-3.24393225
44580.0	710.0	2.71440554	2.83606815
44590.0	705.0	2.50578666	-0.82552683
44590.0	706.0	9.77518368	-4.86009836
44590.0	707.0	2.18686533	-7.33808804
44590.0	708.0	2.17540717	-8.8406992
44590.0	709.0	2.36578655	-3.275527
44590.0	710.0	3.20578671	2.8044734
44600.0	711.0	-1.09375966	-0.23195176
44600.0	712.0	2.54181385	-4.9955492
44600.0	713.0	-1.41422653	-6.73158455
44600.0	714.0	-1.3773706	-8.21705532
44600.0	715.0	-1.23375964	-2.68195176
44600.0	716.0	-0.39375961	3.3980484
44610.0	711.0	-1.2772404	-0.28900099
44610.0	712.0	3.11282349	-4.76824188
44610.0	713.0	-1.59539175	-6.78890514
44610.0	714.0	-1.55088878	-8.27767944
44610.0	715.0	-1.41724038	-2.73900104
44610.0	716.0	-0.57724035	3.34099913
44620.0	711.0	-1.43403721	-0.32265529
44620.0	712.0	3.60979939	-4.620543
44620.0	713.0	-1.75087142	-6.8236146
44620.0	714.0	-1.68009257	-8.3149004
44620.0	715.0	-1.57403719	-2.77265525
44620.0	716.0	-0.73403716	3.30734491
44630.0	711.0	-1.49734497	-0.25768861
44630.0	712.0	3.97770333	-4.4970603
44630.0	713.0	-1.81089389	-6.75693083
44630.0	714.0	-1.72550547	-8.25284195
44630.0	715.0	-1.63734496	-2.70768857
44630.0	716.0	-0.79734492	3.37231159
44640.0	711.0	-1.66798174	-0.40556678
44640.0	712.0	4.3072691	-4.53006554
44640.0	713.0	-1.9794054	-6.90426445
44640.0	714.0	-1.8687942	-8.38155651
44640.0	715.0	-1.80798173	-2.85556674
44640.0	716.0	-0.9679817	3.22443342
44650.0	711.0	-1.73810053	-0.49499053
44650.0	712.0	4.41256142	-4.51446009
44650.0	713.0	-2.04498267	-6.99307775
44650.0	714.0	-1.94029927	-8.46548748
44650.0	715.0	-1.87810051	-2.94499063
44650.0	716.0	-1.03810048	3.13500953
44660.0	711.0	-1.56356704	-0.51345128
44660.0	712.0	4.56549263	-4.55167246
44660.0	713.0	-1.87083793	-7.01143694
44660.0	714.0	-1.81498599	-8.48396492
44660.0	715.0	-1.70356703	-2.96345139
44660.0	716.0	-0.86356699	3.11654878
44670.0	711.0	-1.62780452	-0.50322747
44670.0	712.0	4.57401323	-4.54463339
44670.0	713.0	-1.94234622	-6.99946022
44670.0	714.0	-1.89779735	-8.48046494
44670.0	715.0	-1.7678045	-2.95322752
44670.0	716.0	-0.92780447	3.12677264
44680.0	711.0	-1.62937987	-0.5096634
44680.0	712.0	4.69075394	-4.49756145
44680.0	713.0	-1.94970989	-7.00673056
44680.0	714.0	-1.90585232	-8.48787594
44680.0	715.0	-1.76937985	-2.95966339
44680.0	716.0	-0.92937982	3.12033677
44690.0	711.0	-1.25873399	-0.48429531
44690.0	712.0	5.10504341	-4.422997
44690.0	713.0	-1.57862079	-6.98151636
44690.0	714.0	-1.54327583	-8.46819878
44690.0	715.0	-1.39873397	-2.93429542
44690.0	716.0	-0.55873394	3.14570475
44700.0	711.0	-0.76024175	-0.52301919
44700.0	712.0	5.66802025	-4.43576336
44700.0	713.0	-1.08120179	-7.02326584
44700.0	714.0	-1.05298662	-8.51523399
44700.0	715.0	-0.90024173	-2.97301912
44700.0	716.0	-0.06024167	3.1069808
44710.0	711.0	-0.22826016	-0.41383451
44710.0	712.0	6.23900938	-4.30758047
44710.0	713.0	-0.54430085	-6.91510582
44710.0	714.0	-0.51891422	-8.41246796
44710.0	715.0	-0.36826015	-2.86383462
44710.0	716.0	0.47173989	3.21616554
44720.0	711.0	0.22441399	-0.50347048
44720.0	712.0	6.77396297	-4.3649807
44720.0	713.0	-0.0879904	-7.00605345
44720.0	714.0	-0.0742923	-8.50304031
44720.0	715.0	0.08441401	-2.95347047
44720.0	716.0	0.92441404	3.12652969
44730.0	711.0	0.49086213	-0.3979128
44730.0	712.0	7.10636425	-4.21874619
44730.0	713.0	0.18047667	-6.90123987
44730.0	714.0	0.19418299	-8.4018631
44730.0	715.0	0.35086215	-2.84791279
44730.0	716.0	1.19086218	3.23208737
44740.0	711.0	0.66835976	-0.47506517
44740.0	712.0	7.34797001	-4.26970673
44740.0	713.0	0.35812974	-6.98178005
44740.0	714.0	0.37475014	-8.48194885
44740.0	715.0	0.52835977	-2.92506528
44740.0	716.0	1.3683598	3.15493488
44750.0	711.0	1.07437158	-0.53046745
44750.0	712.0	7.7650404	-4.30319262
44750.0	713.0	0.73997259	-7.02684689
44750.0	714.0	0.75989723	-8.51523304
44750.0	715.0	0.93437159	-2.98046756
44750.0	716.0	1.77437162	3.0995326
44760.0	711.0	1.63271761	-0.60304767
44760.0	712.0	8.31712818	-4.37861252
44760.0	713.0	1.29222441	-7.10791302
44760.0	714.0	1.32823896	-8.59617329
44760.0	715.0	1.49271762	-3.05304766
44760.0	716.0	2.33271766	3.02695251
44770.0	711.0	2.14635253	-0.65266299
44770.0	712.0	8.84517288	-4.42938852
44770.0	713.0	1.80640626	-7.15682936
44770.0	714.0	1.85315537	-8.63606358
44770.0	715.0	2.00635242	-3.10266304
44770.0	716.0	2.84635258	2.97733712
44780.0	711.0	2.65149713	-0.70932037
44780.0	712.0	9.34121132	-4.49558735
44780.0	713.0	2.31031847	-7.22724104
44780.0	714.0	2.37341571	-8.69898701
44780.0	715.0	2.51149702	-3.15932035
44780.0	716.0	3.35149717	2.92067981
44790.0	711.0	3.12719607	-0.73990244
44790.0	712.0	9.81809807	-4.51584911
44790.0	713.0	2.77396536	-7.26274538
44790.0	714.0	2.87333655	-8.712183
44790.0	715.0	2.98719597	-3.18990254
44790.0	716.0	3.82719612	2.89009762
44800.0	717.0	-1.10052228	-0.24583946
44800.0	718.0	2.51438689	-4.58003902
44800.0	719.0	-1.42732167	-6.74567795
44800.0	720.0	-1.39890718	-8.22608566
44800.0	721.0	-1.24052227	-2.69583964
44800.0	722.0	-0.40052223	3.38416052
44810.0	717.0	-1.25606406	-0.27743763
44810.0	718.0	3.10373449	-4.29359913
44810.0	719.0	-1.57877004	-6.78299284
44810.0	720.0	-1.54150867	-8.26363659
44810.0	721.0	-1.39606404	-2.72743773
44810.0	722.0	-0.55606401	3.35256243
44820.0	717.0	-1.42129886	-0.29482228
44820.0	718.0	3.58509731	-4.17923594
44820.0	719.0	-1.74099994	-6.80375242
44820.0	720.0	-1.68166971	-8.27156639
44820.0	721.0	-1.56129885	-2.74482226
44820.0	722.0	-0.72129875	3.3351779
44830.0	717.0	-1.50734627	-0.27277574
44830.0	718.0	3.96823049	-4.01790428
44830.0	719.0	-1.8133173	-6.78066158
44830.0	720.0	-1.75897741	-8.26512718
44830.0	721.0	-1.64734626	-2.7227757
44830.0	722.0	-0.80734622	3.35722446
44840.0	717.0	-1.65127516	-0.35703951
44840.0	718.0	4.36027193	-4.08097649
44840.0	719.0	-1.95470786	-6.86844492
44840.0	720.0	-1.88590789	-8.32935333
44840.0	721.0	-1.79127502	-2.8070395
44840.0	722.0	-0.95127505	3.27296066
44850.0	717.0	-1.71619344	-0.47179663
44850.0	718.0	4.57263279	-4.07943344
44850.0	719.0	-2.00803971	-6.97614288
44850.0	720.0	-1.9513005	-8.4282074
44850.0	721.0	-1.85619354	-2.9217968
44850.0	722.0	-1.01619339	3.1582036
44860.0	717.0	-1.70182431	-0.50158805
44860.0	718.0	4.58294868	-4.07379007
44860.0	719.0	-2.0000546	-6.99921083
44860.0	720.0	-1.99083138	-8.45676899
44860.0	721.0	-1.84182429	-2.95158815
44860.0	722.0	-1.00182426	3.12841201
44870.0	717.0	-1.57666337	-0.43526608
44870.0	718.0	4.75094366	-4.01724005
44870.0	719.0	-1.89123559	-6.93716049
44870.0	720.0	-1.88910949	-8.40859318
44870.0	721.0	-1.71666336	-2.88526607
44870.0	722.0	-0.87666333	3.1947341
44880.0	717.0	-1.22068703	-0.37954545
44880.0	718.0	5.17991447	-3.90649867
44880.0	719.0	-1.53535235	-6.88387728
44880.0	720.0	-1.53594303	-8.35798454
44880.0	721.0	-1.36068702	-2.8295455
44880.0	722.0	-0.52068698	3.25045466
44890.0	717.0	-0.74179	-0.42118958
44890.0	718.0	5.74574661	-3.91709065
44890.0	719.0	-1.05490637	-6.92715931
44890.0	720.0	-1.06144273	-8.4060955
44890.0	721.0	-0.88178998	-2.87118959
44890.0	722.0	-0.04178995	3.20881057
44900.0	717.0	-0.21065354	-0.30711386
44900.0	718.0	6.31817722	-3.78701568
44900.0	719.0	-0.51754975	-6.81484365
44900.0	720.0	-0.52762103	-8.30060101
44900.0	721.0	-0.35065353	-2.75711393
44900.0	722.0	0.4893465	3.32288623
44910.0	717.0	0.25289333	-0.39482707
44910.0	718.0	6.86168623	-3.84548807
44910.0	719.0	-0.04834318	-6.90375042
44910.0	720.0	-0.06952381	-8.38938808
44910.0	721.0	0.11289334	-2.84482718
44910.0	722.0	0.95289338	3.23517299
44920.0	717.0	0.51010859	-0.2827957
44920.0	718.0	7.1834712	-3.6946013
44920.0	719.0	0.21164536	-6.79011488
44920.0	720.0	0.18614686	-8.28547859
44920.0	721.0	0.3701086	-2.73279572
44920.0	722.0	1.21010864	3.34720445
44930.0	717.0	0.66479588	-0.33192182
44930.0	718.0	7.41036606	-3.72050762
44930.0	719.0	0.36753893	-6.8453927
44930.0	720.0	0.33703756	-8.33848763
44930.0	721.0	0.52479589	-2.78192186
44930.0	722.0	1.36479592	3.2980783
44940.0	717.0	1.02809763	-0.35331187
44940.0	718.0	7.79755354	-3.71967554
44940.0	719.0	0.73676467	-6.85914278
44940.0	720.0	0.68416309	-8.3445034
44940.0	721.0	0.88809764	-2.80331182
44940.0	722.0	1.72809768	3.27668834
44950.0	717.0	1.56429076	-0.43341565
44950.0	718.0	8.35262871	-3.79883027
44950.0	719.0	1.25825357	-6.93336487
44950.0	720.0	1.21002364	-8.42213535
44950.0	721.0	1.42429078	-2.8834157
44950.0	722.0	2.26429081	3.19658446
44960.0	717.0	2.02987456	-0.46781069
44960.0	718.0	8.81604195	-3.82714605
44960.0	719.0	1.70878458	-6.96187735
44960.0	720.0	1.65601468	-8.45178223
44960.0	721.0	1.88987458	-2.91781068
44960.0	722.0	2.72987461	3.16218948
44970.0	717.0	2.51135945	-0.57861698
44970.0	718.0	9.29722977	-3.94991755
44970.0	719.0	2.19383168	-7.06411362
44970.0	720.0	2.14760113	-8.55370045
44970.0	721.0	2.37135935	-3.02861691
44970.0	722.0	3.2113595	3.05138302
44980.0	717.0	2.97331262	-0.63734877
44980.0	718.0	9.77031803	-3.99722385
44980.0	719.0	2.64985323	-7.11540556
44980.0	720.0	2.59968591	-8.60445118
44980.0	721.0	2.83331251	-3.08734894
44980.0	722.0	3.67331266	2.99265122
44990.0	717.0	3.40757346	-0.69217408
44990.0	718.0	10.21615028	-4.04937792
44990.0	719.0	3.07731438	-7.16839218
44990.0	720.0	3.03808331	-8.66276264
44990.0	721.0	3.26757336	-3.14217424
44990.0	722.0	4.10757351	2.93782592
45000.0	723.0	-1.12259924	-0.22234434
45000.0	724.0	2.44912457	-4.19813251
45000.0	725.0	-1.46455562	-6.69910431
45000.0	726.0	-1.37173939	-8.1900959
45000.0	727.0	-1.26259923	-2.67234445
45000.0	728.0	-0.42259923	3.40765572
45010.0	723.0	-1.33085454	-0.26700306
45010.0	724.0	3.01704717	-3.97290158
45010.0	725.0	-1.67115843	-6.74662447
45010.0	726.0	-1.52896845	-8.26217365
45010.0	727.0	-1.47085452	-2.71700311
45010.0	728.0	-0.63085443	3.36299706
45020.0	723.0	-1.45112872	-0.30989259
45020.0	724.0	3.52389717	-3.85706472
45020.0	725.0	-1.78429782	-6.78947592
45020.0	726.0	-1.57865405	-8.28436375
45020.0	727.0	-1.59112871	-2.7598927
45020.0	728.0	-0.75112867	3.32010746
45030.0	723.0	-1.490569	-0.28114438
45030.0	724.0	4.05164576	-3.71596932
45030.0	725.0	-1.81889105	-6.75999451
45030.0	726.0	-1.6134429	-8.2494545
45030.0	727.0	-1.63056898	-2.73114443
45030.0	728.0	-0.79056895	3.34885573
45040.0	723.0	-1.53333271	-0.40348166
45040.0	724.0	4.57222462	-3.72793388
45040.0	725.0	-1.8583746	-6.87960148
45040.0	726.0	-1.62797606	-8.36052704
45040.0	727.0	-1.67333269	-2.85348177
45040.0	728.0	-0.83333266	3.22651839
45050.0	723.0	-1.6233809	-0.44829413
45050.0	724.0	4.69388866	-3.64536285
45050.0	725.0	-1.95459414	-6.92127705
45050.0	726.0	-1.73116839	-8.37681293
45050.0	727.0	-1.76338089	-2.89829421
45050.0	728.0	-0.92338085	3.18170595
45060.0	723.0	-1.53012085	-0.45468301
45060.0	724.0	4.82222366	-3.61746287
45060.0	725.0	-1.87280321	-6.92898798
45060.0	726.0	-1.69938898	-8.39729977
45060.0	727.0	-1.67012084	-2.90468311
45060.0	728.0	-0.8301208	3.17531705
45070.0	723.0	-1.1821655	-0.37627393
45070.0	724.0	5.2411108	-3.50083208
45070.0	725.0	-1.52334857	-6.85188103
45070.0	726.0	-1.35547638	-8.33631039
45070.0	727.0	-1.32216549	-2.82627392
45070.0	728.0	-0.48216546	3.25372624
45080.0	723.0	-0.69973767	-0.41007188
45080.0	724.0	5.80533409	-3.49230504
45080.0	725.0	-1.04093742	-6.88691139
45080.0	726.0	-0.86396909	-8.37229729
45080.0	727.0	-0.83973765	-2.8600719
45080.0	728.0	0.00026238	3.21992826
45090.0	723.0	-0.16709113	-0.28127337
45090.0	724.0	6.37764406	-3.35548544
45090.0	725.0	-0.50186634	-6.76096821
45090.0	726.0	-0.32532382	-8.25264931
45090.0	727.0	-0.30734837	-2.73111653
45090.0	728.0	0.53368604	3.34675837
45100.0	723.0	0.30113721	-0.36657619
45100.0	724.0	6.93074942	-3.41239643
45100.0	725.0	-0.02541673	-6.84821272
45100.0	726.0	0.14066029	-8.33984852
45100.0	727.0	0.16019607	-2.81558347
45100.0	728.0	1.00245237	3.25858164
45110.0	723.0	0.54627764	-0.24366042
45110.0	724.0	7.23031569	-3.25494313
45110.0	725.0	0.21818233	-6.72613096
45110.0	726.0	0.37816131	-8.23012733
45110.0	727.0	0.40283275	-2.69182706
45110.0	728.0	1.23900771	3.37649345
45120.0	723.0	0.65948033	-0.28811678
45120.0	724.0	7.40671778	-3.27338171
45120.0	725.0	0.33442748	-6.76912785
45120.0	726.0	0.47952032	-8.27837849
45120.0	727.0	0.51742518	-2.73570228
45120.0	728.0	1.3339833	3.33048463
45130.0	723.0	1.0011487	-0.24840456
45130.0	724.0	7.76818466	-3.22494364
45130.0	725.0	0.66408443	-6.72567749
45130.0	726.0	0.80805564	-8.23621368
45130.0	727.0	0.86044919	-2.69543648
45130.0	728.0	1.6541853	3.36851668
45140.0	723.0	1.60148501	-0.31393939
45140.0	724.0	8.3715353	-3.28897524
45140.0	725.0	1.24856043	-6.79447412
45140.0	726.0	1.39572358	-8.30366898
45140.0	727.0	1.46412432	-2.76307726
45140.0	728.0	2.23219585	3.29765201
45150.0	723.0	2.00364923	-0.33873233
45150.0	724.0	8.7852993	-3.32352114
45150.0	725.0	1.65013695	-6.8233695
45150.0	726.0	1.78864598	-8.33206654
45150.0	727.0	1.87251556	-2.7889843
45150.0	728.0	2.62813306	3.27146196
45160.0	723.0	2.52572536	-0.48735768
45160.0	724.0	9.29854202	-3.47785759
45160.0	725.0	2.15948105	-6.96887541
45160.0	726.0	2.32134604	-8.48093414
45160.0	727.0	2.396173	-2.93705988
45160.0	728.0	3.13799167	3.12545133
45170.0	723.0	3.03413463	-0.49837857
45170.0	724.0	9.80956936	-3.48306823
45170.0	725.0	2.66343927	-6.98489571
45170.0	726.0	2.81968522	-8.49013233
45170.0	727.0	2.90856647	-2.9446106
45170.0	728.0	3.63668633	3.1038897
45180.0	723.0	3.44721627	-0.55177003
45180.0	724.0	10.22282791	-3.54754949
45180.0	725.0	3.0739851	-7.04456711
45180.0	726.0	3.22442651	-8.54742622
45180.0	727.0	3.32778597	-2.99437642
45180.0	728.0	4.02849007	3.04339147
45190.0	723.0	3.96064878	-0.52543867
45190.0	724.0	10.72979927	-3.5124402
45190.0	725.0	3.56149626	-7.02905512
45190.0	726.0	3.73631883	-8.51710129
45190.0	727.0	3.84771633	-2.96034575
45190.0	728.0	4.53556681	3.06152916
45200.0	729.0	-0.57756561	-0.70255631
45200.0	730.0	2.35002589	-3.85594344
45200.0	731.0	-0.92040062	-7.18185472
45200.0	732.0	-0.81421775	-8.69119549
45200.0	733.0	-0.7175656	-3.15255642
45200.0	734.0	0.12243444	2.92744374
45200.0	735.0	1.13052714	-10.08086491
45200.0	736.0	2.23255825	3.09620094
45210.0	729.0	-1.08476579	-0.60173279
45210.0	730.0	2.97542524	-3.44842124
45210.0	731.0	-1.42380345	-7.07764435
45210.0	732.0	-1.31251597	-8.59007168
45210.0	733.0	-1.22476578	-3.05173278
45210.0	734.0	-0.38476574	3.02826738
45210.0	735.0	1.81158853	-9.52846909
45210.0	736.0	1.42541409	3.11157322
45220.0	729.0	-1.41722155	-0.38869226
45220.0	730.0	3.67742729	-3.10504818
45220.0	731.0	-1.74476457	-6.86724663
45220.0	732.0	-1.63660789	-8.37540722
45220.0	733.0	-1.55722165	-2.83869243
45220.0	734.0	-0.71722156	3.24130774
45220.0	735.0	2.56448507	-9.0459137
45220.0	736.0	0.52547109	3.29605174
45230.0	729.0	-1.51406932	-0.27907643
45230.0	730.0	4.34098721	-2.72509336
45230.0	731.0	-1.83168137	-6.75578308
45230.0	732.0	-1.72452712	-8.23864079
45230.0	733.0	-1.65406942	-2.72907639
45230.0	734.0	-0.81406933	3.35092378
45230.0	735.0	3.32112455	-8.54857445
45230.0	736.0	-0.2171123	3.3281076
45240.0	729.0	-1.36393118	-0.35588253
45240.0	730.0	4.98852253	-2.42414379
45240.0	731.0	-1.67843938	-6.83347082
45240.0	732.0	-1.59810662	-8.32376289
45240.0	733.0	-1.50393105	-2.80588269
45240.0	734.0	-0.66393107	3.27411747
45240.0	735.0	4.06131887	-8.14464569
45240.0	736.0	-1.28807521	3.07990313
45250.0	729.0	-0.84769541	-0.47947171
45250.0	730.0	5.57823372	-2.14666653
45250.0	731.0	-1.16080523	-6.95398808
45250.0	732.0	-1.11664236	-8.44467831
45250.0	733.0	-0.9876954	-2.92947173
45250.0	734.0	-0.14769536	3.15052843
45250.0	735.0	4.6819315	-7.71306276
45250.0	736.0	-2.28009272	2.71476841
45260.0	729.0	-0.18121886	-0.45933706
45260.0	730.0	6.11093855	-1.89050341
45260.0	731.0	-0.49454856	-6.93423271
45260.0	732.0	-0.47449422	-8.42980003
45260.0	733.0	-0.32121885	-2.90933704
45260.0	734.0	0.51878119	3.17066312
45260.0	735.0	5.29484415	-7.29533005
45260.0	736.0	-3.23844624	2.49390078
45270.0	729.0	0.16574478	-0.35882306
45270.0	730.0	6.61649799	-1.67507052
45270.0	731.0	-0.14230728	-6.83410454
45270.0	732.0	-0.13838232	-8.33297348
45270.0	733.0	0.0257448	-2.80882311
45270.0	734.0	0.86574483	3.27117705
45270.0	735.0	5.92359018	-6.89029026
45270.0	736.0	-4.23759317	2.25610781
45280.0	729.0	0.49474502	-0.32601282
45280.0	730.0	7.12042141	-1.51271939
45280.0	731.0	0.1905427	-6.79843616
45280.0	732.0	0.18483961	-8.29984665
45280.0	733.0	0.35257876	-2.77411628
45280.0	734.0	1.19588518	3.30309415
45280.0	735.0	6.61050653	-6.46801662
45280.0	736.0	-5.24012804	1.99113691
45290.0	729.0	0.82774758	-0.29738605
45290.0	730.0	7.55790758	-1.40687132
45290.0	731.0	0.52720237	-6.76858807
45290.0	732.0	0.50949025	-8.27040386
45290.0	733.0	0.6857115	-2.74293923
45290.0	734.0	1.52909923	3.329916
45290.0	735.0	7.28319311	-6.03217506
45290.0	736.0	-6.23248529	1.77201521
45300.0	729.0	1.1380918	-0.2671355
45300.0	730.0	7.93582726	-1.36308837
45300.0	731.0	0.83639336	-6.73741341
45300.0	732.0	0.80333161	-8.24031258
45300.0	733.0	0.99444592	-2.71229863
45300.0	734.0	1.84434772	3.35948849
45300.0	735.0	7.98487186	-5.64059734
45300.0	736.0	-7.24566984	1.50313973
45310.0	729.0	1.48329926	-0.2509537
45310.0	730.0	8.33715057	-1.34507775
45310.0	731.0	1.18589354	-6.72308779
45310.0	732.0	1.15354657	-8.23127079
45310.0	733.0	1.33808649	-2.6984446
45310.0	734.0	2.19237041	3.37619591
45310.0	735.0	8.74387646	-5.2494092
45310.0	736.0	-8.20709419	1.2425139
45320.0	729.0	1.82924581	-0.22225344
45320.0	730.0	8.70570946	-1.32194066
45320.0	731.0	1.53471065	-6.69154215
45320.0	732.0	1.49886394	-8.19641495
45320.0	733.0	1.67796314	-2.66705489
45320.0	734.0	2.54263115	3.4056592
45320.0	735.0	9.49215317	-4.82402992
45320.0	736.0	-9.18334007	1.02220249
45330.0	729.0	2.16796875	-0.20563941
45330.0	730.0	9.03762436	-1.30409384
45330.0	731.0	1.86986828	-6.67576218
45330.0	732.0	1.82288194	-8.18459606
45330.0	733.0	2.02262211	-2.65194106
45330.0	734.0	2.87398648	3.42309833
45330.0	735.0	10.24277401	-4.50312471
45330.0	736.0	-10.13093185	0.72333598
45340.0	729.0	2.50345206	-0.20926586
45340.0	730.0	9.3787117	-1.31655383
45340.0	731.0	2.19327235	-6.67848444
45340.0	732.0	2.13781571	-8.18278408
45340.0	733.0	2.35760736	-2.64941287
45340.0	734.0	3.21772575	3.42101693
45340.0	735.0	10.98172379	-4.23354816
45340.0	736.0	-11.0607872	0.4402101
45350.0	729.0	2.81914592	-0.23934227
45350.0	730.0	9.69472122	-1.34078312
45350.0	731.0	2.5093832	-6.71285725
45350.0	732.0	2.44802189	-8.20697212
45350.0	733.0	2.66147232	-2.68431115
45350.0	734.0	3.52592611	3.40252256
45350.0	735.0	11.60276604	-4.03435898
45350.0	736.0	-12.01496124	0.20730162
45360.0	729.0	3.1975739	-0.28744516
45360.0	730.0	10.087924	-1.39733291
45360.0	731.0	2.88323402	-6.76116371
45360.0	732.0	2.81644177	-8.25603676
45360.0	733.0	3.03640556	-2.72738791
45360.0	734.0	3.91554737	3.34361053
45360.0	735.0	12.21079159	-3.95959044
45360.0	736.0	-12.91475677	-0.06733513
45370.0	729.0	3.63405347	-0.36282814
45370.0	730.0	10.5377388	-1.47919202
45370.0	731.0	3.31876707	-6.8421874
45370.0	732.0	3.25550723	-8.34167576
45370.0	733.0	3.47219133	-2.81012177
45370.0	734.0	4.3636694	3.26163006
45370.0	735.0	12.83934593	-3.97393417
45370.0	736.0	-13.76968193	-0.34399748
45380.0	729.0	4.06535053	-0.43102199
45380.0	730.0	10.98517036	-1.55725408
45380.0	731.0	3.74976301	-6.91809797
45380.0	732.0	3.70214152	-8.42170143
45380.0	733.0	3.90195036	-2.87295556
45380.0	734.0	4.80689859	3.17086005
45380.0	735.0	13.38747692	-4.00390768
45380.0	736.0	-14.59636879	-0.54370046
45390.0	729.0	4.48236942	-0.50494707
45390.0	730.0	11.40203094	-1.63359857
45390.0	731.0	4.16117334	-6.99989939
45390.0	732.0	4.12236977	-8.49660206
45390.0	733.0	4.32810736	-2.94350338
45390.0	734.0	5.2038846	3.08129501
45390.0	735.0	13.89923573	-4.03763962
45390.0	736.0	-15.35494804	-0.82709742
45400.0	737.0	-1.11278975	-0.2320064
45400.0	738.0	-1.45213449	-6.71194267
45400.0	739.0	-1.3380394	-8.19109058
45400.0	740.0	-1.25278974	-2.68200636
45400.0	741.0	-0.4127897	3.3979938
45400.0	742.0	1.07682931	-9.62481117
45400.0	743.0	0.6237905	-9.88401985
45410.0	737.0	-1.28483653	-0.296691
45410.0	738.0	-1.62195921	-6.77591276
45410.0	739.0	-1.52258098	-8.25106239
45410.0	740.0	-1.4248364	-2.74669099
45410.0	741.0	-0.58483642	3.33330917
45410.0	742.0	1.89760089	-9.19869232
45410.0	743.0	1.43745565	-9.44338226
45420.0	737.0	-1.41546392	-0.33351159
45420.0	738.0	-1.74805951	-6.81312847
45420.0	739.0	-1.65486979	-8.28953648
45420.0	740.0	-1.55546391	-2.78351164
45420.0	741.0	-0.71546388	3.29648852
45420.0	742.0	2.51910877	-8.94204617
45420.0	743.0	2.08292937	-9.16714382
45430.0	737.0	-1.43064213	-0.27558023
45430.0	738.0	-1.76074684	-6.75254631
45430.0	739.0	-1.67510998	-8.22591782
45430.0	740.0	-1.57064211	-2.72558022
45430.0	741.0	-0.73064208	3.35441995
45430.0	742.0	3.06737471	-8.67520905
45430.0	743.0	2.632447	-8.88280106
45440.0	737.0	-1.5613414	-0.39524925
45440.0	738.0	-1.889606	-6.87192297
45440.0	739.0	-1.81282735	-8.34898949
45440.0	740.0	-1.70134139	-2.84524941
45440.0	741.0	-0.86134136	3.23475075
45440.0	742.0	3.60039473	-8.72432804
45440.0	743.0	3.16406417	-8.93155384
45450.0	737.0	-1.66285801	-0.46055055
45450.0	738.0	-1.98814082	-6.93815613
45450.0	739.0	-1.90684152	-8.42380428
45450.0	740.0	-1.802858	-2.91055059
45450.0	741.0	-0.96285796	3.16944957
45450.0	742.0	3.81594324	-8.67347431
45450.0	743.0	3.39921379	-8.87520027
45460.0	737.0	-1.60972464	-0.50365049
45460.0	738.0	-1.93806279	-6.98201656
45460.0	739.0	-1.86079526	-8.46515942
45460.0	740.0	-1.74972463	-2.95365047
45460.0	741.0	-0.90972459	3.12634969
45460.0	742.0	3.9392519	-8.69757175
45460.0	743.0	3.5374608	-8.89762306
45470.0	737.0	-1.6156379	-0.49368483
45470.0	738.0	-1.94360089	-6.97146177
45470.0	739.0	-1.88056457	-8.45956516
45470.0	740.0	-1.75525427	-2.94362926
45470.0	741.0	-0.91588789	3.13630056
45470.0	742.0	4.06906796	-8.70052242
45470.0	743.0	3.65516043	-8.89874077
45480.0	737.0	-1.70871258	-0.50914383
45480.0	738.0	-2.03676987	-6.98569059
45480.0	739.0	-1.97571194	-8.47742844
45480.0	740.0	-1.84893107	-2.95888066
45480.0	741.0	-1.00767279	3.12068892
45480.0	742.0	4.12919569	-8.70007038
45480.0	743.0	3.70346284	-8.89189434
45490.0	737.0	-1.74329472	-0.57530671
45490.0	738.0	-2.06689143	-7.05339336
45490.0	739.0	-1.99726987	-8.54260063
45490.0	740.0	-1.88455975	-3.02450418
45490.0	741.0	-1.03813183	3.05410409
45490.0	742.0	4.17689896	-8.72453594
45490.0	743.0	3.73903441	-8.91136551
45500.0	737.0	-1.87047827	-0.65270746
45500.0	738.0	-2.1891675	-7.12908792
45500.0	739.0	-2.12164593	-8.61979198
45500.0	740.0	-1.99641311	-3.09943175
45500.0	741.0	-1.16033649	2.97575831
45500.0	742.0	4.16405916	-8.7947998
45500.0	743.0	3.66729045	-8.98438358
45510.0	737.0	-1.93118429	-0.73605841
45510.0	738.0	-2.2493	-7.21155691
45510.0	739.0	-2.18686199	-8.706954
45510.0	740.0	-2.04870701	-3.18055868
45510.0	741.0	-1.20991766	2.89634466
45510.0	742.0	4.18056822	-8.83842087
45510.0	743.0	3.6473484	-9.03598499
45520.0	737.0	-1.83942151	-0.81847525
45520.0	738.0	-2.15507507	-7.29107571
45520.0	739.0	-2.08927965	-8.78794098
45520.0	740.0	-1.997159	-3.27384353
45520.0	741.0	-1.11239672	2.82075262
45520.0	742.0	4.30818796	-8.901021
45520.0	743.0	3.79077148	-9.09370518
45530.0	737.0	-1.48758447	-0.81712329
45530.0	738.0	-1.80871987	-7.28906488
45530.0	739.0	-1.73054993	-8.78257465
45530.0	740.0	-1.69213057	-3.26639748
45530.0	741.0	-0.7670213	2.81357718
45530.0	742.0	4.72354078	-8.85571194
45530.0	743.0	4.23925829	-9.07210732
45540.0	737.0	-1.01352382	-0.86997533
45540.0	738.0	-1.34210944	-7.34379387
45540.0	739.0	-1.25014949	-8.83717155
45540.0	740.0	-1.26324594	-3.33096766
45540.0	741.0	-0.32047415	2.76144218
45540.0	742.0	5.25632143	-8.88408184
45540.0	743.0	4.79357386	-9.10819912
45550.0	737.0	-0.48138422	-0.90189928
45550.0	738.0	-0.82669872	-7.37635326
45550.0	739.0	-0.72816503	-8.87047577
45550.0	740.0	-0.74003685	-3.37705112
45550.0	741.0	0.16525495	2.72489309
45550.0	742.0	5.89969015	-8.90794849
45550.0	743.0	5.45426321	-9.12112808
45560.0	737.0	0.01613426	-0.93142563
45560.0	738.0	-0.3414346	-7.40783405
45560.0	739.0	-0.23740172	-8.89906597
45560.0	740.0	-0.25424516	-3.42304087
45560.0	741.0	0.63252771	2.69607306
45560.0	742.0	6.44985819	-8.91698647
45560.0	743.0	6.01930237	-9.11966705
45570.0	737.0	0.43027484	-0.97097707
45570.0	738.0	0.06154728	-7.45512962
45570.0	739.0	0.17070389	-8.94255733
45570.0	740.0	0.14930403	-3.44937754
45570.0	741.0	1.02375376	2.62510729
45570.0	742.0	6.91028166	-8.90275383
45570.0	743.0	6.4933176	-9.10914421
45580.0	737.0	0.86446905	-0.98561078
45580.0	738.0	0.4844799	-7.47224092
45580.0	739.0	0.59562707	-8.95734978
45580.0	740.0	0.5659405	-3.46789384
45580.0	741.0	1.43439293	2.59044743
45580.0	742.0	7.40638113	-8.88493443
45580.0	743.0	7.01800442	-9.08174133
45590.0	737.0	1.30610967	-1.02185416
45590.0	738.0	0.92299509	-7.5126133
45590.0	739.0	1.02957129	-8.99854279
45590.0	740.0	0.98659432	-3.49878931
45590.0	741.0	1.84234715	2.52975655
45590.0	742.0	7.88512802	-8.89096642
45590.0	743.0	7.52452326	-9.08016396
45600.0	744.0	-1.13112938	-0.18384823
45600.0	745.0	-1.48954487	-6.64385939
45600.0	746.0	-1.33879852	-8.09561062
45600.0	747.0	-1.27112937	-2.63384819
45600.0	748.0	-0.43112928	3.44615197
45610.0	744.0	0.05342615	0.01722039
45610.0	745.0	-0.30732322	-6.44364452
45610.0	746.0	-0.11934996	-7.93518686
45610.0	747.0	-0.08657384	-2.43277979
45610.0	748.0	0.75342619	3.64722061
45620.0	744.0	0.99954152	0.02610268
45620.0	745.0	0.62748992	-6.42434788
45620.0	746.0	0.84202075	-7.94510794
45620.0	747.0	0.85954154	-2.42389727
45620.0	748.0	1.69954157	3.65610266
45630.0	744.0	1.59587073	0.25465643
45630.0	745.0	1.21502912	-6.1967411
45630.0	746.0	1.44047284	-7.72516346
45630.0	747.0	1.45587075	-2.19534373
45630.0	748.0	2.29587078	3.88465643
45640.0	744.0	2.20484686	0.33349979
45640.0	745.0	1.80880821	-6.11835766
45640.0	746.0	2.02774	-7.64627695
45640.0	747.0	2.06484699	-2.11650038
45640.0	748.0	2.90484691	3.96350002
45650.0	744.0	2.35715675	0.49119359
45650.0	745.0	1.94604194	-5.96133995
45650.0	746.0	2.13898063	-7.48332787
45650.0	747.0	2.21715689	-1.95880651
45650.0	748.0	3.0571568	4.12119389
45660.0	744.0	2.7166841	0.53800732
45660.0	745.0	2.30376863	-5.92464161
45660.0	746.0	2.49075341	-7.44444132
45660.0	747.0	2.57572556	-1.91089201
45660.0	748.0	3.41675687	4.16748905
45670.0	744.0	3.16164994	0.51305842
45670.0	745.0	2.74121904	-5.93768454
45670.0	746.0	2.9537828	-7.45835304
45670.0	747.0	3.01863289	-1.93456817
45670.0	748.0	3.86264515	4.1400404
45680.0	744.0	3.48772264	0.59411252
45680.0	745.0	3.06326818	-5.85291529
45680.0	746.0	3.28947616	-7.38320255
45680.0	747.0	3.3451252	-1.85037804
45680.0	748.0	4.19457674	4.21906805
45690.0	744.0	3.99407935	0.52959275
45690.0	745.0	3.56728983	-5.92218637
45690.0	746.0	3.79905915	-7.44214773
45690.0	747.0	3.85656643	-1.91082084
45690.0	748.0	4.70665169	4.14935112
45700.0	744.0	4.35002327	0.62461054
45700.0	745.0	3.94047117	-5.81843233
45700.0	746.0	4.16733074	-7.34569407
45700.0	747.0	4.2046442	-1.81943583
45700.0	748.0	5.085186	4.25371981
45710.0	744.0	4.72578812	0.53625596
45710.0	745.0	4.31645441	-5.90145874
45710.0	746.0	4.54167652	-7.42292786
45710.0	747.0	4.58751297	-1.91279852
45710.0	748.0	5.47478914	4.17803192
45720.0	744.0	5.07994652	0.636563
45720.0	745.0	4.68265438	-5.79659986
45720.0	746.0	4.89178467	-7.31908703
45720.0	747.0	4.94035101	-1.80977225
45720.0	748.0	5.82426786	4.27717447
45730.0	744.0	5.4879055	0.54984784
45730.0	745.0	5.09324121	-5.89424801
45730.0	746.0	5.32594967	-7.40338326
45730.0	747.0	5.35697508	-1.8995285
45730.0	748.0	6.23995018	4.19056416
45740.0	744.0	5.86018276	0.62941217
45740.0	745.0	5.44211769	-5.81288099
45740.0	746.0	5.69750404	-7.32831383
45740.0	747.0	5.72759724	-1.81080616
45740.0	748.0	6.59316921	4.26059294
45750.0	744.0	6.24430275	0.54117417
45750.0	745.0	5.83977795	-5.87268782
45750.0	746.0	6.08787823	-7.40658951
45750.0	747.0	6.1270566	-1.91090965
45750.0	748.0	6.97268057	4.18437243
45760.0	744.0	6.62923527	0.55808258
45760.0	745.0	6.20282078	-5.86863804
45760.0	746.0	6.46416092	-7.38433838
45760.0	747.0	6.52249241	-1.87840843
45760.0	748.0	7.33353233	4.19203472
45770.0	744.0	7.0680666	0.47760183
45770.0	745.0	6.63798046	-5.94410896
45770.0	746.0	6.91238022	-7.47309303
45770.0	747.0	6.98024035	-1.97733057
45770.0	748.0	7.76666594	4.09960127
45780.0	744.0	7.47224617	0.4346242
45780.0	745.0	7.06188393	-5.986938
45780.0	746.0	7.33407021	-7.52965498
45780.0	747.0	7.38773489	-2.00749803
45780.0	748.0	8.17545509	4.03957558
45790.0	744.0	7.86457729	0.35812163
45790.0	745.0	7.46359444	-6.0534482
45790.0	746.0	7.70462322	-7.62589312
45790.0	747.0	7.78340197	-2.0820272
45790.0	748.0	8.52819061	3.9344275
45800.0	749.0	-1.13402271	-0.19009265
45800.0	750.0	-1.48950732	-6.63624096
45800.0	751.0	-1.35328221	-8.10100842
45800.0	752.0	-1.2740227	-2.64009261
45800.0	753.0	-0.43402269	3.43990755
45810.0	749.0	-0.31821823	-0.19043167
45810.0	750.0	-0.63925326	-6.64059258
45810.0	751.0	-0.50364369	-8.13632298
45810.0	752.0	-0.45821822	-2.64043164
45810.0	753.0	0.38178182	3.43956852
45820.0	749.0	0.15988672	-0.10710011
45820.0	750.0	-0.17209589	-6.56454515
45820.0	751.0	-0.04762459	-8.06495571
45820.0	752.0	0.01988673	-2.55710006
45820.0	753.0	0.85988677	3.5229001
45830.0	749.0	0.80224228	-0.00727747
45830.0	750.0	0.4577626	-6.47752333
45830.0	751.0	0.58186603	-7.97949409
45830.0	752.0	0.66224229	-2.45727754
45830.0	753.0	1.50224233	3.62272263
45840.0	749.0	1.14856458	0.10439451
45840.0	750.0	0.77787459	-6.36497593
45840.0	751.0	0.881464	-7.86279583
45840.0	752.0	1.00856459	-2.34560561
45840.0	753.0	1.84856462	3.73439455
45850.0	749.0	1.42517352	0.18399869
45850.0	750.0	1.04101717	-6.29658842
45850.0	751.0	1.13818121	-7.80193043
45850.0	752.0	1.28421533	-2.26490068
45850.0	753.0	2.12524629	3.81348062
45860.0	749.0	1.83990502	0.15201725
45860.0	750.0	1.45321834	-6.31643057
45860.0	751.0	1.57734704	-7.82906437
45860.0	752.0	1.69688857	-2.29560947
45860.0	753.0	2.54090047	3.77899933
45870.0	749.0	2.15697169	0.2300043
45870.0	750.0	1.76347244	-6.23589087
45870.0	751.0	1.89780235	-7.75712919
45870.0	752.0	2.01437473	-2.21448636
45870.0	753.0	2.86382604	3.85495973
45880.0	749.0	2.66166925	0.16476695
45880.0	750.0	2.26552391	-6.30710649
45880.0	751.0	2.40734506	-7.81694555
45880.0	752.0	2.52415657	-2.27564669
45880.0	753.0	3.37424183	3.78452516
45890.0	749.0	3.01509118	0.2604298
45890.0	750.0	2.63514805	-6.20202255
45890.0	751.0	2.77390409	-7.71972227
45890.0	752.0	2.87047482	-2.18320727
45890.0	753.0	3.75082207	3.8896997
45900.0	749.0	3.38565183	0.17457257
45900.0	750.0	3.01002073	-6.28094053
45900.0	751.0	3.14667773	-7.79375601
45900.0	752.0	3.25425291	-2.27152681
45900.0	753.0	4.13883114	3.81712961
45910.0	749.0	3.73518062	0.27821481
45910.0	750.0	3.37482309	-6.17212391
45910.0	751.0	3.49552131	-7.68788528
45910.0	752.0	3.60376406	-2.16762972
45910.0	753.0	4.4865098	3.91891193
45920.0	749.0	4.13747692	0.19320847
45920.0	750.0	3.77709341	-6.26628637
45920.0	751.0	3.92059112	-7.76870775
45920.0	752.0	4.01209402	-2.25792885
45920.0	753.0	4.89145422	3.83758759
45930.0	749.0	4.5090971	0.29957908
45930.0	750.0	4.13134575	-6.15955734
45930.0	751.0	4.27999687	-7.66666126
45930.0	752.0	4.37815475	-2.14654422
45930.0	753.0	5.24833488	3.93377328
45940.0	749.0	4.88927937	0.22791101
45940.0	750.0	4.52774239	-6.20277691
45940.0	751.0	4.66127682	-7.73011208
45940.0	752.0	4.76262903	-2.23306012
45940.0	753.0	5.62973356	3.87338901
45950.0	749.0	5.20935249	0.27838588
45950.0	750.0	4.83184624	-6.16422606
45950.0	751.0	4.98147583	-7.68383932
45950.0	752.0	5.09430742	-2.16491055
45950.0	753.0	5.94936609	3.91099644
45960.0	749.0	5.669384	0.20683648
45960.0	750.0	5.28615665	-6.2260561
45960.0	751.0	5.4271183	-7.74906921
45960.0	752.0	5.55944252	-2.24722481
45960.0	753.0	6.38410997	3.84091425
45970.0	749.0	6.12621307	0.18723141
45970.0	750.0	5.74092817	-6.25127602
45970.0	751.0	5.89763641	-7.77021742
45970.0	752.0	6.02986431	-2.25972509
45970.0	753.0	6.85050821	3.82622528
45980.0	749.0	6.51481819	0.09208079
45980.0	750.0	6.13626385	-6.33915329
45980.0	751.0	6.2770586	-7.87100458
45980.0	752.0	6.41906118	-2.35579467
45980.0	753.0	7.21045113	3.71257973
45990.0	749.0	6.98923874	0.05967592
45990.0	750.0	6.60073662	-6.37982702
45990.0	751.0	6.74019146	-7.90559626
45990.0	752.0	6.89494371	-2.38369322
45990.0	753.0	7.66213369	3.67214966
46000.0	754.0	-1.19768023	-0.22266385
46000.0	755.0	-1.55742896	-6.66909456
46000.0	756.0	-1.41851151	-8.1839695
46000.0	757.0	-1.33768022	-2.67266393
46000.0	758.0	-0.49768022	3.40733624
46010.0	754.0	-0.53471142	-0.29415473
46010.0	755.0	-0.90412503	-6.73094893
46010.0	756.0	-0.82321972	-8.23644161
46010.0	757.0	-0.67471141	-2.74415469
46010.0	758.0	0.16528863	3.33584547
46020.0	754.0	-0.10115254	-0.19213372
46020.0	755.0	-0.46763599	-6.63838625
46020.0	756.0	-0.3940239	-8.16918945
46020.0	757.0	-0.24115252	-2.64213371
46020.0	758.0	0.59884751	3.43786645
46030.0	754.0	0.48373842	-0.20981781
46030.0	755.0	0.14664352	-6.64413881
46030.0	756.0	0.18979764	-8.16801453
46030.0	757.0	0.34373844	-2.65981793
46030.0	758.0	1.18373847	3.42018223
46040.0	754.0	0.83205748	-0.05716844
46040.0	755.0	0.50611103	-6.49370146
46040.0	756.0	0.52718306	-8.02838612
46040.0	757.0	0.69088256	-2.50627828
46040.0	758.0	1.53228879	3.57246733
46050.0	754.0	1.19935989	-0.08714564
46050.0	755.0	0.88471568	-6.50765514
46050.0	756.0	0.91793561	-8.04344177
46050.0	757.0	1.05628645	-2.53505635
46050.0	758.0	1.90039706	3.54004407
46060.0	754.0	1.50700593	-0.00271161
46060.0	755.0	1.18793118	-6.41674185
46060.0	756.0	1.22115207	-7.96415949
46060.0	757.0	1.36475742	-2.4473896
46060.0	758.0	2.21364951	3.62213755
46070.0	754.0	1.98945999	-0.07596453
46070.0	755.0	1.67572081	-6.48196983
46070.0	756.0	1.69421935	-8.01935005
46070.0	757.0	1.85231292	-2.51671791
46070.0	758.0	2.70240259	3.54427457
46080.0	754.0	2.33428788	0.02400149
46080.0	755.0	2.03823328	-6.37494993
46080.0	756.0	2.0454216	-7.92246103
46080.0	757.0	2.19107056	-2.41967583
46080.0	758.0	3.06913519	3.65348721
46090.0	754.0	2.7010777	-0.05880694
46090.0	755.0	2.41208696	-6.45228815
46090.0	756.0	2.41309381	-7.9943471
46090.0	757.0	2.57161331	-2.50507712
46090.0	758.0	3.45225453	3.58286595
46100.0	754.0	3.04043126	0.05216022
46100.0	755.0	2.76922798	-6.34013414
46100.0	756.0	2.75324702	-7.88576698
46100.0	757.0	2.91121674	-2.39210081
46100.0	758.0	3.78853703	3.69033933
46110.0	754.0	3.43110585	-0.02164289
46110.0	755.0	3.16216946	-6.42310047
46110.0	756.0	3.16623473	-7.95952988
46110.0	757.0	3.30685282	-2.47265959
46110.0	758.0	4.17844725	3.61611843
46120.0	754.0	3.81194186	0.07969825
46120.0	755.0	3.52243662	-6.31915283
46120.0	756.0	3.51704001	-7.85759926
46120.0	757.0	3.68549824	-2.36575079
46120.0	758.0	4.54575634	3.70813298
46130.0	754.0	4.21480179	0.04277493
46130.0	755.0	3.94090891	-6.32946682
46130.0	756.0	3.91606498	-7.89212561
46130.0	757.0	4.09680367	-2.42263865
46130.0	758.0	4.94823074	3.68253875
46140.0	754.0	4.5803833	0.1119213
46140.0	755.0	4.28623152	-6.27549696
46140.0	756.0	4.28025532	-7.81999969
46140.0	757.0	4.48087835	-2.33221769
46140.0	758.0	5.3211751	3.73633289
46150.0	754.0	4.97388172	0.05501057
46150.0	755.0	4.6610918	-6.3285141
46150.0	756.0	4.65340519	-7.87060452
46150.0	757.0	4.89242363	-2.39628267
46150.0	758.0	5.69937372	3.6828239
46160.0	754.0	5.40908718	0.0135816
46160.0	755.0	5.10669374	-6.37367582
46160.0	756.0	5.09725761	-7.91529894
46160.0	757.0	5.3347168	-2.42046332
46160.0	758.0	6.15100384	3.64002919
46170.0	754.0	5.85790634	-0.06500024
46170.0	755.0	5.54560757	-6.44348574
46170.0	756.0	5.53617477	-7.9903717
46170.0	757.0	5.78685951	-2.49534965
46170.0	758.0	6.57490969	3.54539204
46180.0	754.0	6.29840279	-0.1390537
46180.0	755.0	5.97545004	-6.52365875
46180.0	756.0	5.96557617	-8.0659256
46180.0	757.0	6.22993135	-2.56411195
46180.0	758.0	7.01143456	3.45998001
46190.0	754.0	6.72659111	-0.19698474
46190.0	755.0	6.40590525	-6.58434105
46190.0	756.0	6.39802742	-8.11972523
46190.0	757.0	6.65429449	-2.62244034
46190.0	758.0	7.44040442	3.38389254
