140800.0	4346.0	6.04720879	5.15570068
140800.0	4347.0	6.47230864	5.00350046
140800.0	4348.0	6.85470867	4.21590042
140800.0	4349.0	6.02680874	4.33520031
140800.0	4350.0	6.74801779	6.8597784
140810.0	4346.0	6.03951788	5.14730072
140810.0	4347.0	6.46461773	4.9951005
140810.0	4348.0	6.84701777	4.20750046
140810.0	4349.0	6.01911783	4.32680035
140810.0	4350.0	6.21419334	6.78737402
140820.0	4346.0	6.0318265	5.13890123
140820.0	4347.0	6.45692635	4.98670101
140820.0	4348.0	6.83932638	4.19910097
140820.0	4349.0	6.01142645	4.31840086
140820.0	4350.0	5.72933006	6.77087116
140830.0	4346.0	6.02413511	5.13050175
140830.0	4347.0	6.44923496	4.97830153
140830.0	4348.0	6.831635	4.19070148
140830.0	4349.0	6.00373507	4.31000137
140830.0	4350.0	5.28810501	6.71232843
140840.0	4346.0	6.01644421	5.12210178
140840.0	4347.0	6.44154406	4.96990204
140840.0	4348.0	6.82394409	4.18230152
140840.0	4349.0	5.99604416	4.30160141
140840.0	4350.0	4.79349804	6.65040588
140850.0	4346.0	6.00875282	5.1137023
140850.0	4347.0	6.43385267	4.96150208
140850.0	4348.0	6.81625271	4.17390203
140850.0	4349.0	5.98835278	4.29320192
140850.0	4350.0	4.34588766	6.63400745
140860.0	4346.0	6.00106192	5.10530281
140860.0	4347.0	6.42616177	4.95310259
140860.0	4348.0	6.8085618	4.16550255
140860.0	4349.0	5.98066187	4.28480244
140860.0	4350.0	3.87280846	6.60154295
140870.0	4346.0	5.99337053	5.09690332
140870.0	4347.0	6.41847038	4.9447031
140870.0	4348.0	6.80087042	4.15710306
140870.0	4349.0	5.97297049	4.27640295
140870.0	4350.0	3.8590641	6.5707345
140880.0	4346.0	5.98567915	5.08850336
140880.0	4347.0	6.410779	4.93630314
140880.0	4348.0	6.79317904	4.1487031
140880.0	4349.0	5.9652791	4.26800299
140880.0	4350.0	3.74919224	6.66442871
140890.0	4346.0	5.97798824	5.08010387
140890.0	4347.0	6.40308809	4.92790365
140890.0	4348.0	6.78548813	4.14030361
140890.0	4349.0	5.9575882	4.2596035
140890.0	4350.0	3.73199821	6.66617012
140900.0	4346.0	5.97029686	5.07170439
140900.0	4347.0	6.39539671	4.91950417
140900.0	4348.0	6.77779675	4.13190413
140900.0	4349.0	5.94989681	4.25120401
140900.0	4350.0	3.721313	6.67826414
140910.0	4346.0	5.96260548	5.06330442
140910.0	4347.0	6.38770533	4.9111042
140910.0	4348.0	6.77010536	4.12350416
140910.0	4349.0	5.94220543	4.24280405
140910.0	4350.0	3.35505342	6.70990419
140920.0	4346.0	5.95491457	5.05490494
140920.0	4347.0	6.38001442	4.90270472
140920.0	4348.0	6.76241446	4.11510468
140920.0	4349.0	5.93451452	4.23440456
140920.0	4350.0	2.97801018	6.74918413
140930.0	4346.0	5.94722319	5.04650545
140930.0	4347.0	6.37232304	4.89430523
140930.0	4348.0	6.75472307	4.10670519
140930.0	4349.0	5.92682314	4.22600508
140930.0	4350.0	2.56928253	6.81193781
140940.0	4346.0	5.9395318	5.03810596
140940.0	4347.0	6.36463165	4.88590574
140940.0	4348.0	6.74703169	4.0983057
140940.0	4349.0	5.91913176	4.21760559
140940.0	4350.0	2.20485353	6.84263802
140950.0	4346.0	5.92844963	5.03462553
140950.0	4347.0	6.35357332	4.88239098
140950.0	4348.0	6.73594904	4.09482574
140950.0	4349.0	5.90805531	4.21411705
140950.0	4350.0	1.7903285	6.89993811
140960.0	4346.0	5.90689945	5.04463577
140960.0	4347.0	6.33190155	4.89258909
140960.0	4348.0	6.71442461	4.10479879
140960.0	4349.0	5.88648462	4.22415924
140960.0	4350.0	1.38429546	6.96987772
140970.0	4346.0	5.87735891	5.06049728
140970.0	4347.0	6.30218983	4.90863323
140970.0	4348.0	6.68494463	4.12060452
140970.0	4349.0	5.85693312	4.24003839
140970.0	4350.0	0.99807215	7.02785444
140980.0	4346.0	5.8627038	5.05705404
140980.0	4347.0	6.28743696	4.90525961
140980.0	4348.0	6.67028046	4.11715603
140980.0	4349.0	5.84224272	4.23661137
140980.0	4350.0	0.62266636	7.08454227
140990.0	4346.0	5.84643888	5.0474124
140990.0	4347.0	6.27131081	4.89557314
140990.0	4348.0	6.65410471	4.10758591
140990.0	4349.0	5.82607508	4.22700405
140990.0	4350.0	0.24676085	7.1374197
141000.0	4351.0	6.04670858	5.15600061
141000.0	4352.0	6.47190857	5.00350046
141000.0	4353.0	6.8545084	4.21590042
141000.0	4354.0	6.02630854	4.33520031
141000.0	4355.0	6.3154273	7.04655933
141000.0	4356.0	9.70478249	12.30494022
141010.0	4351.0	6.03901768	5.14760065
141010.0	4352.0	6.46421766	4.9951005
141010.0	4353.0	6.84681749	4.20750046
141010.0	4354.0	6.01861763	4.32680035
141010.0	4355.0	5.77002192	6.98360825
141010.0	4356.0	9.37452888	12.18924522
141020.0	4351.0	6.03132629	5.13920116
141020.0	4352.0	6.45652628	4.98670101
141020.0	4353.0	6.83912611	4.19910097
141020.0	4354.0	6.01092625	4.31840086
141020.0	4355.0	5.2805872	6.937356
141020.0	4356.0	9.0739069	12.13280296
141030.0	4351.0	6.02363491	5.13080168
141030.0	4352.0	6.4488349	4.97830153
141030.0	4353.0	6.83143473	4.19070148
141030.0	4354.0	6.00323486	4.31000137
141030.0	4355.0	4.81111956	6.88421726
141030.0	4356.0	8.79698467	12.05457306
141040.0	4351.0	6.015944	5.12240219
141040.0	4352.0	6.44114399	4.96990204
141040.0	4353.0	6.82374382	4.18230152
141040.0	4354.0	5.99554396	4.30160141
141040.0	4355.0	4.33817959	6.83145618
141040.0	4356.0	8.45158195	11.98509026
141050.0	4351.0	6.00825262	5.11400223
141050.0	4352.0	6.43345261	4.96150208
141050.0	4353.0	6.81605244	4.17390203
141050.0	4354.0	5.98785257	4.29320192
141050.0	4355.0	3.89227796	6.80735683
141050.0	4356.0	8.16246986	11.93838978
141060.0	4351.0	6.00056171	5.10560274
141060.0	4352.0	6.4257617	4.95310259
141060.0	4353.0	6.80836153	4.16550255
141060.0	4354.0	5.98016167	4.28480244
141060.0	4355.0	3.44070864	6.77193022
141060.0	4356.0	7.89501429	11.89720631
141070.0	4351.0	5.99287033	5.09720325
141070.0	4352.0	6.41807032	4.9447031
141070.0	4353.0	6.80067015	4.15710306
141070.0	4354.0	5.97247028	4.27640295
141070.0	4355.0	3.40589499	6.74860668
141070.0	4356.0	7.87737465	11.83930874
141080.0	4351.0	5.98517895	5.08880329
141080.0	4352.0	6.41037893	4.93630314
141080.0	4353.0	6.79297876	4.1487031
141080.0	4354.0	5.9647789	4.26800299
141080.0	4355.0	3.30211353	6.83420181
141080.0	4356.0	7.76304245	11.87976265
141090.0	4351.0	5.97748804	5.0804038
141090.0	4352.0	6.40268803	4.92790365
141090.0	4353.0	6.78528786	4.14030361
141090.0	4354.0	5.95708799	4.2596035
141090.0	4355.0	3.29688835	6.84319973
141090.0	4356.0	7.70286798	11.82855988
141100.0	4351.0	5.96979666	5.07200432
141100.0	4352.0	6.39499664	4.91950417
141100.0	4353.0	6.77759647	4.13190413
141100.0	4354.0	5.94939661	4.25120401
141100.0	4355.0	3.29046702	6.85858917
141100.0	4356.0	7.65230751	11.80349064
141110.0	4351.0	5.96210527	5.06360435
141110.0	4352.0	6.38730526	4.9111042
141110.0	4353.0	6.76990509	4.12350416
141110.0	4354.0	5.94170523	4.24280405
141110.0	4355.0	2.93987417	6.88412571
141110.0	4356.0	7.23179436	11.79466915
141120.0	4351.0	5.95441437	5.05520487
141120.0	4352.0	6.37961435	4.90270472
141120.0	4353.0	6.76221418	4.11510468
141120.0	4354.0	5.93401432	4.23440456
141120.0	4355.0	2.58066869	6.91174746
141120.0	4356.0	6.77742434	11.81724167
141130.0	4351.0	5.94672298	5.04680538
141130.0	4352.0	6.37192297	4.89430523
141130.0	4353.0	6.7545228	4.10670519
141130.0	4354.0	5.92632294	4.22600508
141130.0	4355.0	2.18632364	6.9607625
141130.0	4356.0	6.27337599	11.87729168
141140.0	4351.0	5.9390316	5.0384059
141140.0	4352.0	6.36423159	4.88590574
141140.0	4353.0	6.74683142	4.0983057
141140.0	4354.0	5.91863155	4.21760559
141140.0	4355.0	1.82355452	6.98675346
141140.0	4356.0	5.81342077	11.90453434
141150.0	4351.0	5.9257741	5.03808165
141150.0	4352.0	6.35097599	4.88557863
141150.0	4353.0	6.73357677	4.09797716
141150.0	4354.0	5.90537834	4.21727514
141150.0	4355.0	1.4338541	7.03116035
141150.0	4356.0	5.26270914	11.9900074
141160.0	4351.0	5.90277052	5.04948616
141160.0	4352.0	6.32796955	4.89698935
141160.0	4353.0	6.71063614	4.10927391
141160.0	4354.0	5.88239479	4.22864723
141160.0	4355.0	1.03617811	7.09350204
141160.0	4356.0	4.6974864	12.08444691
141170.0	4351.0	5.86952066	5.07074976
141170.0	4352.0	6.2947154	4.9182601
141170.0	4353.0	6.67737293	4.1305213
141170.0	4354.0	5.8491292	4.24992085
141170.0	4355.0	0.64850569	7.15685987
141170.0	4356.0	4.14789724	12.16710567
141180.0	4351.0	5.85338259	5.06596565
141180.0	4352.0	6.27856207	4.91346741
141180.0	4353.0	6.66138315	4.12578392
141180.0	4354.0	5.83303022	4.24514675
141180.0	4355.0	0.27872467	7.217103
141180.0	4356.0	3.62247181	12.25465107
141190.0	4351.0	5.82131529	5.05506086
141190.0	4352.0	6.2464776	4.9025588
141190.0	4353.0	6.62946701	4.11489964
141190.0	4354.0	5.8010087	4.23425436
141190.0	4355.0	-0.10331488	7.27081871
141190.0	4356.0	3.09055424	12.33006763
141200.0	4357.0	6.04610872	5.15600061
141200.0	4358.0	6.47130871	5.00350046
141200.0	4359.0	6.85430861	4.21590042
141200.0	4360.0	6.02590847	4.33520031
141200.0	4361.0	5.87925863	7.20101738
141200.0	4362.0	9.7073288	11.85346508
141210.0	4357.0	6.03841782	5.14760065
141210.0	4358.0	6.4636178	4.9951005
141210.0	4359.0	6.8466177	4.20750046
141210.0	4360.0	6.01821756	4.32680035
141210.0	4361.0	5.35094643	7.15878916
141210.0	4362.0	9.30898952	11.73535156
141220.0	4357.0	6.03072643	5.13920116
141220.0	4358.0	6.45592642	4.98670101
141220.0	4359.0	6.83892632	4.19910097
141220.0	4360.0	6.01052618	4.31840086
141220.0	4361.0	4.86561203	7.12072468
141220.0	4362.0	8.91436863	11.67510509
141230.0	4357.0	6.02303505	5.13080168
141230.0	4358.0	6.44823503	4.97830153
141230.0	4359.0	6.83123493	4.19070148
141230.0	4360.0	6.0028348	4.31000137
141230.0	4361.0	4.40446091	7.0730691
141230.0	4362.0	8.55875778	11.58498383
141240.0	4357.0	6.01534414	5.12240219
141240.0	4358.0	6.44054413	4.96990204
141240.0	4359.0	6.82354403	4.18230152
141240.0	4360.0	5.99514389	4.30160141
141240.0	4361.0	3.93722677	7.02484989
141240.0	4362.0	8.14565182	11.5052433
141250.0	4357.0	6.00765276	5.11400223
141250.0	4358.0	6.43285275	4.96150208
141250.0	4359.0	6.81585264	4.17390203
141250.0	4360.0	5.98745251	4.29320192
141250.0	4361.0	3.49838471	7.00433779
141250.0	4362.0	7.78717136	11.46241093
141260.0	4357.0	5.99996185	5.10560274
141260.0	4358.0	6.42516184	4.95310259
141260.0	4359.0	6.80816174	4.16550255
141260.0	4360.0	5.9797616	4.28480244
141260.0	4361.0	3.05748773	6.97101021
141260.0	4362.0	7.4362421	11.42039776
141270.0	4357.0	5.99227047	5.09720325
141270.0	4358.0	6.41747046	4.9447031
141270.0	4359.0	6.80047035	4.15710306
141270.0	4360.0	5.97207022	4.27640295
141270.0	4361.0	3.02794099	6.94901228
141270.0	4362.0	7.39490223	11.36944866
141280.0	4357.0	5.98457909	5.08880329
141280.0	4358.0	6.40977907	4.93630314
141280.0	4359.0	6.79277897	4.1487031
141280.0	4360.0	5.96437883	4.26800299
141280.0	4361.0	2.93136573	7.03484583
141280.0	4362.0	7.29173088	11.43058395
141290.0	4357.0	5.97688818	5.0804038
141290.0	4358.0	6.40208817	4.92790365
141290.0	4359.0	6.78508806	4.14030361
141290.0	4360.0	5.95668793	4.2596035
141290.0	4361.0	2.92715812	7.04410839
141290.0	4362.0	7.25240088	11.40198612
141300.0	4357.0	5.9691968	5.07200432
141300.0	4358.0	6.39439678	4.91950417
141300.0	4359.0	6.77739668	4.13190413
141300.0	4360.0	5.94899654	4.25120401
141300.0	4361.0	2.92229414	7.05649233
141300.0	4362.0	7.22192383	11.39195442
141310.0	4357.0	5.96150541	5.06360435
141310.0	4358.0	6.3867054	4.9111042
141310.0	4359.0	6.7697053	4.12350416
141310.0	4360.0	5.94130516	4.24280405
141310.0	4361.0	2.5721457	7.0829196
141310.0	4362.0	6.80526066	11.38967609
141320.0	4357.0	5.95381451	5.05520487
141320.0	4358.0	6.37901449	4.90270472
141320.0	4359.0	6.76201439	4.11510468
141320.0	4360.0	5.93361425	4.23440456
141320.0	4361.0	2.21196151	7.11147881
141320.0	4362.0	6.35066271	11.42118359
141330.0	4357.0	5.94612312	5.04680538
141330.0	4358.0	6.37132311	4.89430523
141330.0	4359.0	6.75432301	4.10670519
141330.0	4360.0	5.92592287	4.22600508
141330.0	4361.0	1.82280254	7.15919209
141330.0	4362.0	5.85278559	11.48819256
141340.0	4357.0	5.93843174	5.0384059
141340.0	4358.0	6.36363173	4.88590574
141340.0	4359.0	6.74663162	4.0983057
141340.0	4360.0	5.91823149	4.21760559
141340.0	4361.0	1.46763039	7.18353748
141340.0	4362.0	5.38636398	11.52468491
141350.0	4357.0	5.92489338	5.03848934
141350.0	4358.0	6.35009384	4.88598776
141350.0	4359.0	6.73310232	4.0983758
141350.0	4360.0	5.90469933	4.2176795
141350.0	4361.0	1.08171511	7.22713804
141350.0	4362.0	4.83118248	11.62042904
141360.0	4357.0	5.90370655	5.04674292
141360.0	4358.0	6.3289094	4.89423847
141360.0	4359.0	6.71192312	4.10662317
141360.0	4360.0	5.8835187	4.22592735
141360.0	4361.0	0.6863842	7.28803301
141360.0	4362.0	4.26449156	11.72697163
141370.0	4357.0	5.87121391	5.06621599
141370.0	4358.0	6.29642391	4.91370344
141370.0	4359.0	6.67946529	4.12606478
141370.0	4360.0	5.85104847	4.24537945
141370.0	4361.0	0.30115175	7.34679413
141370.0	4362.0	3.70198822	11.82594585
141380.0	4357.0	5.85911942	5.06157494
141380.0	4358.0	6.28433037	4.90906048
141380.0	4359.0	6.66735888	4.12142944
141380.0	4360.0	5.83894682	4.24074078
141380.0	4361.0	-0.06733799	7.40091562
141380.0	4362.0	3.1740303	11.93099117
141390.0	4357.0	5.82791185	5.05080462
141390.0	4358.0	6.25312662	4.89829063
141390.0	4359.0	6.63625622	4.11070538
141390.0	4360.0	5.80780077	4.22999477
141390.0	4361.0	-0.45061016	7.45191669
141390.0	4362.0	2.64293909	12.02100277
141400.0	4363.0	6.04570866	5.15620041
141400.0	4364.0	6.47060871	5.00350046
141400.0	4365.0	6.85390854	4.21590042
141400.0	4366.0	6.0255084	4.33520031
141400.0	4367.0	5.43543339	7.32314539
141400.0	4368.0	9.71725845	11.40043068
141410.0	4363.0	6.03801775	5.14780045
141410.0	4364.0	6.4629178	4.9951005
141410.0	4365.0	6.84621763	4.20750046
141410.0	4366.0	6.0178175	4.32680035
141410.0	4367.0	4.92681742	7.29768896
141410.0	4368.0	9.27314758	11.27098083
141420.0	4363.0	6.03032637	5.13940096
141420.0	4364.0	6.45522642	4.98670101
141420.0	4365.0	6.83852625	4.19910097
141420.0	4366.0	6.01012611	4.31840086
141420.0	4367.0	4.45621109	7.27378178
141420.0	4368.0	8.83289051	11.18010044
141430.0	4363.0	6.02263498	5.13100147
141430.0	4364.0	6.44753504	4.97830153
141430.0	4365.0	6.83083487	4.19070148
141430.0	4366.0	6.00243473	4.31000137
141430.0	4367.0	4.01553631	7.2316494
141430.0	4368.0	8.44194221	11.07511806
141440.0	4363.0	6.01494408	5.12260151
141440.0	4364.0	6.43984413	4.96990204
141440.0	4365.0	6.82314396	4.18230152
141440.0	4366.0	5.99474382	4.30160141
141440.0	4367.0	3.55951118	7.18594742
141440.0	4368.0	8.00992012	10.98293495
141450.0	4363.0	6.00725269	5.11420202
141450.0	4364.0	6.43215275	4.96150208
141450.0	4365.0	6.81545258	4.17390203
141450.0	4366.0	5.98705244	4.29320192
141450.0	4367.0	3.14874363	7.16635036
141450.0	4368.0	7.62454414	10.93325233
141460.0	4363.0	5.99956179	5.10580254
141460.0	4364.0	6.42446184	4.95310259
141460.0	4365.0	6.80776167	4.16550255
141460.0	4366.0	5.97936153	4.28480244
141460.0	4367.0	2.72230411	7.13209295
141460.0	4368.0	7.2374754	10.88319588
141470.0	4363.0	5.9918704	5.09740305
141470.0	4364.0	6.41677046	4.9447031
141470.0	4365.0	6.80007029	4.15710306
141470.0	4366.0	5.97167015	4.27640295
141470.0	4367.0	2.69854164	7.11378574
141470.0	4368.0	7.18598557	10.84492588
141480.0	4363.0	5.98417902	5.08900309
141480.0	4364.0	6.40907907	4.93630314
141480.0	4365.0	6.7923789	4.1487031
141480.0	4366.0	5.96397877	4.26800299
141480.0	4367.0	2.59861565	7.19106483
141480.0	4368.0	7.08320045	10.91365623
141490.0	4363.0	5.97648811	5.0806036
141490.0	4364.0	6.40138817	4.92790365
141490.0	4365.0	6.784688	4.14030361
141490.0	4366.0	5.95628786	4.2596035
141490.0	4367.0	2.59503651	7.19675303
141490.0	4368.0	7.06508398	10.90166664
141500.0	4363.0	5.96879673	5.07220411
141500.0	4364.0	6.39369678	4.91950417
141500.0	4365.0	6.77699661	4.13190413
141500.0	4366.0	5.94859648	4.25120401
141500.0	4367.0	2.58946919	7.21162319
141500.0	4368.0	7.04447985	10.89591026
141510.0	4363.0	5.96110535	5.06380415
141510.0	4364.0	6.3860054	4.9111042
141510.0	4365.0	6.76930523	4.12350416
141510.0	4366.0	5.94090509	4.24280405
141510.0	4367.0	2.23816538	7.24037647
141510.0	4368.0	6.6265893	10.90376949
141520.0	4363.0	5.95341444	5.05540466
141520.0	4364.0	6.3783145	4.90270472
141520.0	4365.0	6.76161432	4.11510468
141520.0	4366.0	5.93321419	4.23440456
141520.0	4367.0	1.87883377	7.26893473
141520.0	4368.0	6.17863464	10.94327927
141530.0	4363.0	5.94572306	5.04700518
141530.0	4364.0	6.37062311	4.89430523
141530.0	4365.0	6.75392294	4.10670519
141530.0	4366.0	5.9255228	4.22600508
141530.0	4367.0	1.49238324	7.31821156
141530.0	4368.0	5.68693829	11.01231289
141540.0	4363.0	5.93803167	5.03860569
141540.0	4364.0	6.36293173	4.88590574
141540.0	4365.0	6.74623156	4.0983057
141540.0	4366.0	5.91783142	4.21760559
141540.0	4367.0	1.14449024	7.33987427
141540.0	4368.0	5.23719311	11.04606915
141550.0	4363.0	5.92562771	5.03704357
141550.0	4364.0	6.35053015	4.88433933
141550.0	4365.0	6.73383141	4.09673786
141550.0	4366.0	5.90543079	4.21603823
141550.0	4367.0	0.75534105	7.38417244
141550.0	4368.0	4.69186497	11.14361477
141560.0	4363.0	5.90502262	5.0450201
141560.0	4364.0	6.32993078	4.89230967
141560.0	4365.0	6.71323204	4.10470819
141560.0	4366.0	5.88483143	4.22400856
141560.0	4367.0	0.36098146	7.44594622
141560.0	4368.0	4.13102484	11.25571823
141570.0	4363.0	5.87714767	5.05928183
141570.0	4364.0	6.30206299	4.90656376
141570.0	4365.0	6.68538713	4.11895037
141570.0	4366.0	5.85697651	4.2382555
141570.0	4367.0	-0.02162695	7.50177813
141570.0	4368.0	3.58635855	11.35682392
141580.0	4363.0	5.86377048	5.05470991
141580.0	4364.0	6.28868628	4.90199089
141580.0	4365.0	6.67199421	4.11438847
141580.0	4366.0	5.84358978	4.23368883
141580.0	4367.0	-0.39440632	7.550354
141580.0	4368.0	3.0727005	11.46509457
141590.0	4363.0	5.84352732	5.04705048
141590.0	4364.0	6.26845169	4.8943305
141590.0	4365.0	6.65186644	4.10680294
141590.0	4366.0	5.82341671	4.2260704
141590.0	4367.0	-0.76858807	7.59543133
141590.0	4368.0	2.5699749	11.55994415
141600.0	4369.0	6.0451088	5.15620041
141600.0	4370.0	6.47000885	5.00350046
141600.0	4371.0	6.85370874	4.21590042
141600.0	4372.0	6.02510881	4.33520031
141600.0	4373.0	4.99634933	7.45643616
141600.0	4374.0	9.73898029	10.97977543
141600.0	4375.0	0.15771413	4.26686001
141610.0	4369.0	6.03741789	5.14780045
141610.0	4370.0	6.46231794	4.9951005
141610.0	4371.0	6.84601784	4.20750046
141610.0	4372.0	6.01741791	4.32680035
141610.0	4373.0	4.45144653	7.40076447
141610.0	4374.0	9.21977234	10.80952454
141610.0	4375.0	0.7283293	4.27829361
141620.0	4369.0	6.02972651	5.13940096
141620.0	4370.0	6.45462656	4.98670101
141620.0	4371.0	6.83832645	4.19910097
141620.0	4372.0	6.00972652	4.31840086
141620.0	4373.0	3.96899462	7.36688328
141620.0	4374.0	8.72822762	10.68082905
141620.0	4375.0	1.22855425	4.31320763
141630.0	4369.0	6.02203512	5.13100147
141630.0	4370.0	6.44693518	4.97830153
141630.0	4371.0	6.83063507	4.19070148
141630.0	4372.0	6.00203514	4.31000137
141630.0	4373.0	3.51613522	7.31795645
141630.0	4374.0	8.28547096	10.54728508
141630.0	4375.0	1.76802349	4.3226347
141640.0	4369.0	6.01434422	5.12260151
141640.0	4370.0	6.43924427	4.96990204
141640.0	4371.0	6.82294416	4.18230152
141640.0	4372.0	5.99434423	4.30160141
141640.0	4373.0	3.04252625	7.27365494
141640.0	4374.0	7.81346607	10.45252419
141640.0	4375.0	2.27570105	4.33594894
141650.0	4369.0	6.00665283	5.11420202
141650.0	4370.0	6.43155289	4.96150208
141650.0	4371.0	6.81525278	4.17390203
141650.0	4372.0	5.98665285	4.29320192
141650.0	4373.0	2.62265086	7.25127411
141650.0	4374.0	7.38580799	10.3910799
141650.0	4375.0	2.7631247	4.3513546
141660.0	4369.0	5.99896193	5.10580254
141660.0	4370.0	6.42386198	4.95310259
141660.0	4371.0	6.80756187	4.16550255
141660.0	4372.0	5.97896194	4.28480244
141660.0	4373.0	2.18206024	7.21256733
141660.0	4374.0	6.9653492	10.33827019
141660.0	4375.0	3.26407719	4.34432173
141670.0	4369.0	5.99127054	5.09740305
141670.0	4370.0	6.4161706	4.9447031
141670.0	4371.0	6.79987049	4.15710306
141670.0	4372.0	5.97127056	4.27640295
141670.0	4373.0	2.14674163	7.18489552
141670.0	4374.0	6.92259026	10.3008976
141670.0	4375.0	3.52907467	4.28040934
141680.0	4369.0	5.98357916	5.08900309
141680.0	4370.0	6.40847921	4.93630314
141680.0	4371.0	6.79217911	4.1487031
141680.0	4372.0	5.96357918	4.26800299
141680.0	4373.0	2.04457307	7.2645874
141680.0	4374.0	6.82057953	10.38367939
141680.0	4375.0	3.81116509	4.16757536
141690.0	4369.0	5.97588825	5.0806036
141690.0	4370.0	6.40078831	4.92790365
141690.0	4371.0	6.7844882	4.14030361
141690.0	4372.0	5.95588827	4.2596035
141690.0	4373.0	2.04402733	7.27339935
141690.0	4374.0	6.80409622	10.37551689
141690.0	4375.0	3.96903253	4.05135536
141700.0	4369.0	5.96819687	5.07220411
141700.0	4370.0	6.39309692	4.91950417
141700.0	4371.0	6.77679682	4.13190413
141700.0	4372.0	5.94819689	4.25120401
141700.0	4373.0	2.04258394	7.28804255
141700.0	4374.0	6.78676128	10.37264156
141700.0	4375.0	4.07265472	3.87489104
141710.0	4369.0	5.96050549	5.06380415
141710.0	4370.0	6.38540554	4.9111042
141710.0	4371.0	6.76910543	4.12350416
141710.0	4372.0	5.9405055	4.24280405
141710.0	4373.0	1.71342325	7.31403399
141710.0	4374.0	6.37598991	10.38621998
141710.0	4375.0	4.12795877	3.74003148
141720.0	4369.0	5.95281458	5.05540466
141720.0	4370.0	6.37771463	4.90270472
141720.0	4371.0	6.76141453	4.11510468
141720.0	4372.0	5.9328146	4.23440456
141720.0	4373.0	1.38660288	7.34091902
141720.0	4374.0	5.9225564	10.43539619
141720.0	4375.0	4.14047432	3.7044425
141730.0	4369.0	5.9451232	5.04700518
141730.0	4370.0	6.37002325	4.89430523
141730.0	4371.0	6.75372314	4.10670519
141730.0	4372.0	5.92512321	4.22600508
141730.0	4373.0	1.05279613	7.39108086
141730.0	4374.0	5.43560648	10.50746059
141730.0	4375.0	4.44976425	3.76160312
141740.0	4369.0	5.93743181	5.03860569
141740.0	4370.0	6.36233187	4.88590574
141740.0	4371.0	6.74603176	4.0983057
141740.0	4372.0	5.91743183	4.21760559
141740.0	4373.0	0.77003622	7.41496897
141740.0	4374.0	4.9991889	10.53958893
141740.0	4375.0	4.82660055	3.77074742
141750.0	4369.0	5.92715406	5.03395844
141750.0	4370.0	6.35205936	4.88125086
141750.0	4371.0	6.73576069	4.09364891
141750.0	4372.0	5.90715885	4.21295166
141750.0	4373.0	0.45267582	7.45628214
141750.0	4374.0	4.45625305	10.64184189
141750.0	4375.0	5.16245317	3.79217529
141760.0	4369.0	5.90134335	5.05055189
141760.0	4370.0	6.32625532	4.89783669
141760.0	4371.0	6.70996189	4.11022806
141760.0	4372.0	5.88135481	4.22953749
141760.0	4373.0	0.14340162	7.51183701
141760.0	4374.0	3.90722466	10.7561903
141760.0	4375.0	5.51355839	3.84442091
141770.0	4369.0	5.86629152	5.07287169
141770.0	4370.0	6.29121065	4.92014885
141770.0	4371.0	6.67493486	4.13252354
141770.0	4372.0	5.84631681	4.25184345
141770.0	4373.0	-0.15692186	7.55163288
141770.0	4374.0	3.38048983	10.86307144
141770.0	4375.0	5.9069109	3.89532065
141780.0	4369.0	5.85242319	5.07261038
141780.0	4370.0	6.27733755	4.91988754
141780.0	4371.0	6.66103077	4.13226032
141780.0	4372.0	5.83242798	4.25158167
141780.0	4373.0	-0.45909882	7.58170462
141780.0	4374.0	2.88396454	10.97267246
141780.0	4375.0	6.36588049	3.91042805
141790.0	4369.0	5.84127283	5.06404066
141790.0	4370.0	6.26620293	4.91131353
141790.0	4371.0	6.6499486	4.12370777
141790.0	4372.0	5.82131767	4.24302006
141790.0	4373.0	-0.76945496	7.61724329
141790.0	4374.0	2.41128397	11.07176685
141790.0	4375.0	6.84346819	3.92080259
141800.0	4376.0	6.04460859	5.15640068
141800.0	4377.0	6.46960878	5.00350046
141800.0	4378.0	6.85330868	4.21590042
141800.0	4379.0	6.02470875	4.33520031
141800.0	4380.0	9.74900532	10.52438927
141800.0	4381.0	0.77396852	4.34877062
141800.0	4382.0	0.3794809	4.80232573
141810.0	4376.0	6.03691769	5.14800072
141810.0	4377.0	6.46191788	4.9951005
141810.0	4378.0	6.84561777	4.20750046
141810.0	4379.0	6.01701784	4.32680035
141810.0	4380.0	9.17885399	10.34236336
141810.0	4381.0	1.29778361	4.35204458
141810.0	4382.0	0.90181649	4.80644226
141820.0	4376.0	6.0292263	5.13960123
141820.0	4377.0	6.45422649	4.98670101
141820.0	4378.0	6.83792639	4.19910097
141820.0	4379.0	6.00932646	4.31840086
141820.0	4380.0	8.64735794	10.20026207
141820.0	4381.0	1.76301348	4.38103962
141820.0	4382.0	1.3649087	4.8357954
141830.0	4376.0	6.02153492	5.13120174
141830.0	4377.0	6.44653511	4.97830153
141830.0	4378.0	6.830235	4.19070148
141830.0	4379.0	6.00163507	4.31000137
141830.0	4380.0	8.18556976	10.05709934
141830.0	4381.0	2.24803686	4.39339018
141830.0	4382.0	1.84633303	4.84730482
141840.0	4376.0	6.01384401	5.12280178
141840.0	4377.0	6.4388442	4.96990204
141840.0	4378.0	6.8225441	4.18230152
141840.0	4379.0	5.99394417	4.30160141
141840.0	4380.0	7.69344902	9.95153141
141840.0	4381.0	2.73385668	4.39626408
141840.0	4382.0	2.33190536	4.84946585
141850.0	4376.0	6.00615263	5.11440229
141850.0	4377.0	6.43115282	4.96150208
141850.0	4378.0	6.81485271	4.17390203
141850.0	4379.0	5.98625278	4.29320192
141850.0	4380.0	7.25870705	9.86807442
141850.0	4381.0	3.19450474	4.40665579
141850.0	4382.0	2.79226398	4.85750389
141860.0	4376.0	5.99846172	5.10600281
141860.0	4377.0	6.42346191	4.95310259
141860.0	4378.0	6.80716181	4.16550255
141860.0	4379.0	5.97856188	4.28480244
141860.0	4380.0	6.83371639	9.81038475
141860.0	4381.0	3.6727829	4.39406252
141860.0	4382.0	3.27229357	4.84330988
141870.0	4376.0	5.99077034	5.09760332
141870.0	4377.0	6.41577053	4.9447031
141870.0	4378.0	6.79947042	4.15710306
141870.0	4379.0	5.97087049	4.27640295
141870.0	4380.0	6.78263569	9.76041794
141870.0	4381.0	3.92159557	4.33789921
141870.0	4382.0	3.52360821	4.78559303
141880.0	4376.0	5.98307896	5.08920336
141880.0	4377.0	6.40807915	4.93630314
141880.0	4378.0	6.79177904	4.1487031
141880.0	4379.0	5.96317911	4.26800299
141880.0	4380.0	6.68146276	9.83494186
141880.0	4381.0	4.18038893	4.22517347
141880.0	4382.0	3.78540945	4.67382002
141890.0	4376.0	5.97538805	5.08080387
141890.0	4377.0	6.40038824	4.92790365
141890.0	4378.0	6.78408813	4.14030361
141890.0	4379.0	5.9554882	4.2596035
141890.0	4380.0	6.66642761	9.82556915
141890.0	4381.0	4.3115387	4.10551119
141890.0	4382.0	3.92008018	4.55509186
141900.0	4376.0	5.96769667	5.07240438
141900.0	4377.0	6.39269686	4.91950417
141900.0	4378.0	6.77639675	4.13190413
141900.0	4379.0	5.94779682	4.25120401
141900.0	4380.0	6.65776253	9.83238602
141900.0	4381.0	4.41418648	3.9279809
141900.0	4382.0	4.01813221	4.38418674
141910.0	4376.0	5.96000528	5.06400442
141910.0	4377.0	6.38500547	4.9111042
141910.0	4378.0	6.76870537	4.12350416
141910.0	4379.0	5.94010544	4.24280405
141910.0	4380.0	6.24796963	9.85495853
141910.0	4381.0	4.46739101	3.79280543
141910.0	4382.0	4.07149649	4.25008202
141920.0	4376.0	5.95231438	5.05560493
141920.0	4377.0	6.37731457	4.90270472
141920.0	4378.0	6.76101446	4.11510468
141920.0	4379.0	5.93241453	4.23440456
141920.0	4380.0	5.8101778	9.90268898
141920.0	4381.0	4.47633791	3.7545495
141920.0	4382.0	4.09004688	4.21888018
141930.0	4376.0	5.94462299	5.04720545
141930.0	4377.0	6.36962318	4.89430523
141930.0	4378.0	6.75332308	4.10670519
141930.0	4379.0	5.92472315	4.22600508
141930.0	4380.0	5.34448576	9.96773624
141930.0	4381.0	4.81246233	3.83659577
141930.0	4382.0	4.44609785	4.3014555
141940.0	4376.0	5.93693161	5.03880596
141940.0	4377.0	6.3619318	4.88590574
141940.0	4378.0	6.74563169	4.0983057
141940.0	4379.0	5.91703176	4.21760559
141940.0	4380.0	4.9150672	9.99434566
141940.0	4381.0	5.20773554	3.82795
141940.0	4382.0	4.84917736	4.29234648
141950.0	4376.0	5.92746925	5.03297567
141950.0	4377.0	6.35247231	4.88007164
141950.0	4378.0	6.7361784	4.09246302
141950.0	4379.0	5.90757513	4.21176672
141950.0	4380.0	4.39742947	10.07962036
141950.0	4381.0	5.5695982	3.85099983
141950.0	4382.0	5.20919704	4.31746626
141960.0	4376.0	5.90303087	5.04798603
141960.0	4377.0	6.32803726	4.89507818
141960.0	4378.0	6.71174383	4.10747147
141960.0	4379.0	5.88314056	4.22677517
141960.0	4380.0	3.87139654	10.17895603
141960.0	4381.0	5.91739321	3.91245556
141960.0	4382.0	5.56282091	4.37731028
141970.0	4376.0	5.86994123	5.0686264
141970.0	4377.0	6.29495287	4.91571188
141970.0	4378.0	6.67864895	4.12811852
141970.0	4379.0	5.85005045	4.24741602
141970.0	4380.0	3.36707401	10.27360821
141970.0	4381.0	6.34163094	3.95882893
141970.0	4382.0	5.98723555	4.42418528
141980.0	4376.0	5.8521533	5.06836557
141980.0	4377.0	6.27716589	4.9154501
141980.0	4378.0	6.66085243	4.12786293
141980.0	4379.0	5.83225822	4.24715757
141980.0	4380.0	2.88988495	10.37543774
141980.0	4381.0	6.80393171	3.97289014
141980.0	4382.0	6.44882488	4.43908644
141990.0	4376.0	5.848001	5.06138849
141990.0	4377.0	6.27301836	4.90846872
141990.0	4378.0	6.65671921	4.12087345
141990.0	4379.0	5.82811832	4.24017143
141990.0	4380.0	2.43295383	10.46850586
141990.0	4381.0	7.2847867	3.97530985
141990.0	4382.0	6.92914772	4.44420433
142000.0	4383.0	6.04400873	5.15640068
142000.0	4384.0	6.46890879	5.00350046
142000.0	4385.0	6.85300875	4.21590042
142000.0	4386.0	6.02420855	4.33520031
142000.0	4387.0	9.76317596	10.06243038
142000.0	4388.0	1.39107251	4.43665791
142000.0	4389.0	0.99287683	4.89612436
142010.0	4383.0	6.03631783	5.14800072
142010.0	4384.0	6.46121788	4.9951005
142010.0	4385.0	6.84531784	4.20750046
142010.0	4386.0	6.01651764	4.32680035
142010.0	4387.0	9.14697647	9.83630371
142010.0	4388.0	1.9266324	4.44082594
142010.0	4389.0	1.5268321	4.90146732
142020.0	4383.0	6.02862644	5.13960123
142020.0	4384.0	6.4535265	4.98670101
142020.0	4385.0	6.83762646	4.19910097
142020.0	4386.0	6.00882626	4.31840086
142020.0	4387.0	8.59899521	9.67973328
142020.0	4388.0	2.39880657	4.47825336
142020.0	4389.0	1.99753499	4.93763447
142030.0	4383.0	6.02093506	5.13120174
142030.0	4384.0	6.44583511	4.97830153
142030.0	4385.0	6.82993507	4.19070148
142030.0	4386.0	6.00113487	4.31000137
142030.0	4387.0	8.10952187	9.51784897
142030.0	4388.0	2.89506102	4.49015999
142030.0	4389.0	2.4925313	4.9505229
142040.0	4383.0	6.01324415	5.12280178
142040.0	4384.0	6.43814421	4.96990204
142040.0	4385.0	6.82224417	4.18230152
142040.0	4386.0	5.99344397	4.30160141
142040.0	4387.0	7.57641792	9.39691544
142040.0	4388.0	3.37369251	4.4995575
142040.0	4389.0	2.97571898	4.95760107
142050.0	4383.0	6.00555277	5.11440229
142050.0	4384.0	6.43045282	4.96150208
142050.0	4385.0	6.81455278	4.17390203
142050.0	4386.0	5.98575258	4.29320192
142050.0	4387.0	7.1115613	9.31603527
142050.0	4388.0	3.8274374	4.510499
142050.0	4389.0	3.43409181	4.96715546
142060.0	4383.0	5.99786186	5.10600281
142060.0	4384.0	6.42276192	4.95310259
142060.0	4385.0	6.80686188	4.16550255
142060.0	4386.0	5.97806168	4.28480244
142060.0	4387.0	6.65904045	9.2707386
142060.0	4388.0	4.31543636	4.50154781
142060.0	4389.0	3.92368698	4.95714951
142070.0	4383.0	5.99017048	5.09760332
142070.0	4384.0	6.41507053	4.9447031
142070.0	4385.0	6.79917049	4.15710306
142070.0	4386.0	5.97037029	4.27640295
142070.0	4387.0	6.5975771	9.22255993
142070.0	4388.0	4.56340885	4.44285536
142070.0	4389.0	4.17453814	4.89813709
142080.0	4383.0	5.9824791	5.08920336
142080.0	4384.0	6.40737915	4.93630314
142080.0	4385.0	6.79147911	4.1487031
142080.0	4386.0	5.96267891	4.26800299
142080.0	4387.0	6.47928238	9.30307388
142080.0	4388.0	4.83135223	4.32340717
142080.0	4389.0	4.44630194	4.77963924
142090.0	4383.0	5.97478819	5.08080387
142090.0	4384.0	6.39968824	4.92790365
142090.0	4385.0	6.7837882	4.14030361
142090.0	4386.0	5.954988	4.2596035
142090.0	4387.0	6.46803665	9.30545712
142090.0	4388.0	4.98359919	4.20284033
142090.0	4389.0	4.59891129	4.65997076
142100.0	4383.0	5.96709681	5.07240438
142100.0	4384.0	6.39199686	4.91950417
142100.0	4385.0	6.77609682	4.13190413
142100.0	4386.0	5.94729662	4.25120401
142100.0	4387.0	6.46114635	9.32320309
142100.0	4388.0	5.08576536	4.02511263
142100.0	4389.0	4.70051336	4.48435545
142110.0	4383.0	5.95940542	5.06400442
142110.0	4384.0	6.38430548	4.9111042
142110.0	4385.0	6.76840544	4.12350416
142110.0	4386.0	5.93960524	4.24280405
142110.0	4387.0	6.05727911	9.35101986
142110.0	4388.0	5.13818598	3.88893533
142110.0	4389.0	4.75407696	4.34931087
142120.0	4383.0	5.95171452	5.05560493
142120.0	4384.0	6.37661457	4.90270472
142120.0	4385.0	6.76071453	4.11510468
142120.0	4386.0	5.93191433	4.23440456
142120.0	4387.0	5.63623953	9.39550209
142120.0	4388.0	5.14270544	3.84932828
142120.0	4389.0	4.7701993	4.31523848
142130.0	4383.0	5.94402313	5.04720545
142130.0	4384.0	6.36892319	4.89430523
142130.0	4385.0	6.75302315	4.10670519
142130.0	4386.0	5.92422295	4.22600508
142130.0	4387.0	5.17922926	9.45654964
142130.0	4388.0	5.48180342	3.93101311
142130.0	4389.0	5.11771965	4.39501381
142140.0	4383.0	5.93633175	5.03880596
142140.0	4384.0	6.3612318	4.88590574
142140.0	4385.0	6.74533176	4.0983057
142140.0	4386.0	5.91653156	4.21760559
142140.0	4387.0	4.76216412	9.48136997
142140.0	4388.0	5.88448191	3.92103148
142140.0	4389.0	5.52051258	4.3877902
142150.0	4383.0	5.9273715	5.03224707
142150.0	4384.0	6.35227251	4.87934589
142150.0	4385.0	6.73638201	4.09173203
142150.0	4386.0	5.90757799	4.21103764
142150.0	4387.0	4.26755857	9.55286217
142150.0	4388.0	6.24958897	3.94359159
142150.0	4389.0	5.87965155	4.4104228
142160.0	4383.0	5.90354252	5.04662514
142160.0	4384.0	6.32844543	4.89372063
142160.0	4385.0	6.71255636	4.10610962
142160.0	4386.0	5.88375282	4.22541237
142160.0	4387.0	3.76445818	9.64773178
142160.0	4388.0	6.59710598	4.00565052
142160.0	4389.0	6.23060608	4.47013521
142170.0	4383.0	5.87146044	5.0659461
142170.0	4384.0	6.29636812	4.91303635
142170.0	4385.0	6.68046856	4.12543726
142170.0	4386.0	5.85167027	4.24473476
142170.0	4387.0	3.28817844	9.74021435
142170.0	4388.0	7.02674341	4.05057096
142170.0	4389.0	6.65259695	4.51616812
142180.0	4383.0	5.8538456	5.06551838
142180.0	4384.0	6.27875471	4.91260719
142180.0	4385.0	6.66284418	4.12501526
142180.0	4386.0	5.83405066	4.24430943
142180.0	4387.0	2.83147383	9.84409428
142180.0	4388.0	7.49051142	4.06487083
142180.0	4389.0	7.1127243	4.53152561
142190.0	4383.0	5.85069227	5.05772781
142190.0	4384.0	6.27560234	4.9048152
142190.0	4385.0	6.65971375	4.11720991
142190.0	4386.0	5.83091068	4.23650932
142190.0	4387.0	2.40039539	9.93902779
142190.0	4388.0	7.97012854	4.06708908
142190.0	4389.0	7.59034157	4.53645658
142200.0	4390.0	6.04340839	5.15640068
142200.0	4391.0	6.46830845	5.00350046
142200.0	4392.0	6.85260868	4.21590042
142200.0	4393.0	6.02380848	4.33520031
142200.0	4394.0	9.73537636	9.54910278
142200.0	4395.0	2.01002455	4.5241766
142200.0	4396.0	1.60347164	4.99585629
142210.0	4390.0	6.03571749	5.14800072
142210.0	4391.0	6.46061754	4.9951005
142210.0	4392.0	6.84491777	4.20750046
142210.0	4393.0	6.01611757	4.32680035
142210.0	4394.0	9.0874176	9.31175804
142210.0	4395.0	2.55582476	4.53193998
142210.0	4396.0	2.14982629	5.00208426
142220.0	4390.0	6.0280261	5.13960123
142220.0	4391.0	6.45292616	4.98670101
142220.0	4392.0	6.83722639	4.19910097
142220.0	4393.0	6.00842619	4.31840086
142220.0	4394.0	8.51779175	9.14383411
142220.0	4395.0	3.04540157	4.57041311
142220.0	4396.0	2.64285183	5.03740358
142230.0	4390.0	6.02033472	5.13120174
142230.0	4391.0	6.44523478	4.97830153
142230.0	4392.0	6.82953501	4.19070148
142230.0	4393.0	6.00073481	4.31000137
142230.0	4394.0	8.00248146	8.9730854
142230.0	4395.0	3.552912	4.58102751
142230.0	4396.0	3.15134764	5.04919863
142240.0	4390.0	6.01264381	5.12280178
142240.0	4391.0	6.43754387	4.96990204
142240.0	4392.0	6.8218441	4.18230152
142240.0	4393.0	5.9930439	4.30160141
142240.0	4394.0	7.44902182	8.84322929
142240.0	4395.0	4.03233433	4.59160948
142240.0	4396.0	3.63729692	5.05881214
142250.0	4390.0	6.00495243	5.11440229
142250.0	4391.0	6.42985249	4.96150208
142250.0	4392.0	6.81415272	4.17390203
142250.0	4393.0	5.98535252	4.29320192
142250.0	4394.0	6.95905113	8.76201248
142250.0	4395.0	4.49989557	4.60140324
142250.0	4396.0	4.1089015	5.06956148
142260.0	4390.0	5.99726152	5.10600281
142260.0	4391.0	6.42216158	4.95310259
142260.0	4392.0	6.80646181	4.16550255
142260.0	4393.0	5.97766161	4.28480244
142260.0	4394.0	6.48010826	8.71368694
142260.0	4395.0	4.98621178	4.59741831
142260.0	4396.0	4.59816551	5.06533289
142270.0	4390.0	5.98957014	5.09760332
142270.0	4391.0	6.4144702	4.9447031
142270.0	4392.0	6.79877043	4.15710306
142270.0	4393.0	5.96997023	4.27640295
142270.0	4394.0	6.40637016	8.66434193
142270.0	4395.0	5.236341	4.53281403
142270.0	4396.0	4.84835339	5.002244
142280.0	4390.0	5.98187876	5.08920336
142280.0	4391.0	6.40677881	4.93630314
142280.0	4392.0	6.79107904	4.1487031
142280.0	4393.0	5.96227884	4.26800299
142280.0	4394.0	6.29344034	8.75473499
142280.0	4395.0	5.51926851	4.40671253
142280.0	4396.0	5.12840986	4.87746477
142290.0	4390.0	5.97418785	5.08080387
142290.0	4391.0	6.39908791	4.92790365
142290.0	4392.0	6.78338814	4.14030361
142290.0	4393.0	5.95458794	4.2596035
142290.0	4394.0	6.28281689	8.76455307
142290.0	4395.0	5.67584324	4.28573799
142290.0	4396.0	5.28154087	4.75877571
142300.0	4390.0	5.96649647	5.07240438
142300.0	4391.0	6.39139652	4.91950417
142300.0	4392.0	6.77569675	4.13190413
142300.0	4393.0	5.94689655	4.25120401
142300.0	4394.0	6.27620316	8.78383827
142300.0	4395.0	5.7784338	4.10635567
142300.0	4396.0	5.38631773	4.57955027
142310.0	4390.0	5.95880508	5.06400442
142310.0	4391.0	6.38370514	4.9111042
142310.0	4392.0	6.76800537	4.12350416
142310.0	4393.0	5.93920517	4.24280405
142310.0	4394.0	5.88576889	8.80997467
142310.0	4395.0	5.82844162	3.97230005
142310.0	4396.0	5.44126225	4.44485044
142320.0	4390.0	5.95111418	5.05560493
142320.0	4391.0	6.37601423	4.90270472
142320.0	4392.0	6.76031446	4.11510468
142320.0	4393.0	5.93151426	4.23440456
142320.0	4394.0	5.47690201	8.84793282
142320.0	4395.0	5.83583784	3.92990088
142320.0	4396.0	5.45402002	4.40570068
142330.0	4390.0	5.94342279	5.04720545
142330.0	4391.0	6.36832285	4.89430523
142330.0	4392.0	6.75262308	4.10670519
142330.0	4393.0	5.92382288	4.22600508
142330.0	4394.0	5.03734541	8.90342808
142330.0	4395.0	6.17295742	4.00557613
142330.0	4396.0	5.79171562	4.48157263
142340.0	4390.0	5.93573141	5.03880596
142340.0	4391.0	6.36063147	4.88590574
142340.0	4392.0	6.7449317	4.0983057
142340.0	4393.0	5.9161315	4.21760559
142340.0	4394.0	4.63887596	8.92224884
142340.0	4395.0	6.57023907	4.00340128
142340.0	4396.0	6.18902397	4.47772932
142350.0	4390.0	5.92546654	5.03414011
142350.0	4391.0	6.35036945	4.88123608
142350.0	4392.0	6.73467588	4.0936265
142350.0	4393.0	5.9058733	4.21292973
142350.0	4394.0	4.16855574	8.98688316
142350.0	4395.0	6.93395138	4.02537155
142350.0	4396.0	6.54756165	4.49911118
142360.0	4390.0	5.90205288	5.04726219
142360.0	4391.0	6.32696056	4.89435244
142360.0	4392.0	6.71126413	4.10675097
142360.0	4393.0	5.8824625	4.22605181
142360.0	4394.0	3.6909833	9.08644485
142360.0	4395.0	7.28615284	4.08751917
142360.0	4396.0	6.89554596	4.55979538
142370.0	4390.0	5.86971283	5.06707859
142370.0	4391.0	6.29462671	4.91416073
142370.0	4392.0	6.67894363	4.12654591
142370.0	4393.0	5.85013533	4.24585295
142370.0	4394.0	3.23207188	9.18632126
142370.0	4395.0	7.71175957	4.13099766
142370.0	4396.0	7.31335926	4.60502911
142380.0	4390.0	5.85553265	5.06599045
142380.0	4391.0	6.28044939	4.91307116
142380.0	4392.0	6.66471624	4.12545919
142380.0	4393.0	5.8359313	4.24476528
142380.0	4394.0	2.78763914	9.30237007
142380.0	4395.0	8.17537498	4.1465621
142380.0	4396.0	7.77199078	4.6201973
142390.0	4390.0	5.84491968	5.0587182
142390.0	4391.0	6.26983786	4.90579414
142390.0	4392.0	6.65419579	4.11820269
142390.0	4393.0	5.82536983	4.23749781
142390.0	4394.0	2.36912251	9.40006828
142390.0	4395.0	8.65606022	4.14998913
142390.0	4396.0	8.24887276	4.62430859
142400.0	4397.0	6.0430088	5.15670061
142400.0	4398.0	6.46790838	5.00350046
142400.0	4399.0	6.85240841	4.21590042
142400.0	4400.0	6.02340841	4.33520031
142400.0	4401.0	9.70640755	9.03520107
142400.0	4402.0	2.61324668	4.68158245
142400.0	4403.0	2.22037792	5.17778826
142410.0	4397.0	6.0353179	5.14830065
142410.0	4398.0	6.46021748	4.9951005
142410.0	4399.0	6.8447175	4.20750046
142410.0	4400.0	6.01571751	4.32680035
142410.0	4401.0	9.06955051	8.76628494
142410.0	4402.0	3.17773914	4.69700098
142410.0	4403.0	2.7882092	5.18913031
142420.0	4397.0	6.02762651	5.13990116
142420.0	4398.0	6.45252609	4.98670101
142420.0	4399.0	6.83702612	4.19910097
142420.0	4400.0	6.00802612	4.31840086
142420.0	4401.0	8.52145386	8.60279179
142420.0	4402.0	3.67794204	4.74013376
142420.0	4403.0	3.29181314	5.22935057
142430.0	4397.0	6.01993513	5.13150167
142430.0	4398.0	6.44483471	4.97830153
142430.0	4399.0	6.82933474	4.19070148
142430.0	4400.0	6.00033474	4.31000137
142430.0	4401.0	8.0151577	8.41744423
142430.0	4402.0	4.17796087	4.76310205
142430.0	4403.0	3.79748225	5.25178146
142440.0	4397.0	6.01224422	5.12310219
142440.0	4398.0	6.4371438	4.96990204
142440.0	4399.0	6.82164383	4.18230152
142440.0	4400.0	5.99264383	4.30160141
142440.0	4401.0	7.46565962	8.27205753
142440.0	4402.0	4.66261959	4.77135897
142440.0	4403.0	4.28916454	5.26161909
142450.0	4397.0	6.00455284	5.11470222
142450.0	4398.0	6.42945242	4.96150208
142450.0	4399.0	6.81395245	4.17390203
142450.0	4400.0	5.98495245	4.29320192
142450.0	4401.0	6.97059345	8.19784737
142450.0	4402.0	5.14544201	4.77713203
142450.0	4403.0	4.77682114	5.27118063
142460.0	4397.0	5.99686193	5.10630274
142460.0	4398.0	6.42176151	4.95310259
142460.0	4399.0	6.80626154	4.16550255
142460.0	4400.0	5.97726154	4.28480244
142460.0	4401.0	6.49290752	8.14229774
142460.0	4402.0	5.62017155	4.76722002
142460.0	4403.0	5.2542305	5.26380014
142470.0	4397.0	5.98917055	5.09790325
142470.0	4398.0	6.41407013	4.9447031
142470.0	4399.0	6.79857016	4.15710306
142470.0	4400.0	5.96957016	4.27640295
142470.0	4401.0	6.43358135	8.10129166
142470.0	4402.0	5.88369703	4.6967802
142470.0	4403.0	5.51272202	5.19587183
142480.0	4397.0	5.98147917	5.08950329
142480.0	4398.0	6.40637875	4.93630314
142480.0	4399.0	6.79087877	4.1487031
142480.0	4400.0	5.96187878	4.26800299
142480.0	4401.0	6.32098389	8.19772148
142480.0	4402.0	6.17009068	4.56994009
142480.0	4403.0	5.79226494	5.0709734
142490.0	4397.0	5.97378826	5.0811038
142490.0	4398.0	6.39868784	4.92790365
142490.0	4399.0	6.78318787	4.14030361
142490.0	4400.0	5.95418787	4.2596035
142490.0	4401.0	6.31515694	8.20797825
142490.0	4402.0	6.32852745	4.44694614
142490.0	4403.0	5.94477701	4.9515152
142500.0	4397.0	5.96609688	5.07270432
142500.0	4398.0	6.39099646	4.91950417
142500.0	4399.0	6.77549648	4.13190413
142500.0	4400.0	5.94649649	4.25120401
142500.0	4401.0	6.30367947	8.22733879
142500.0	4402.0	6.42751408	4.27101278
142500.0	4403.0	6.05001926	4.77244663
142510.0	4397.0	5.95840549	5.06430435
142510.0	4398.0	6.38330507	4.9111042
142510.0	4399.0	6.7678051	4.12350416
142510.0	4400.0	5.9388051	4.24280405
142510.0	4401.0	5.91797733	8.2506609
142510.0	4402.0	6.47838783	4.13497639
142510.0	4403.0	6.10505295	4.63585424
142520.0	4397.0	5.95071459	5.05590487
142520.0	4398.0	6.37561417	4.90270472
142520.0	4399.0	6.76011419	4.11510468
142520.0	4400.0	5.9311142	4.23440456
142520.0	4401.0	5.51476574	8.28845024
142520.0	4402.0	6.4902463	4.09605217
142520.0	4403.0	6.11695671	4.59537077
142530.0	4397.0	5.9430232	5.04750538
142530.0	4398.0	6.36792278	4.89430523
142530.0	4399.0	6.75242281	4.10670519
142530.0	4400.0	5.92342281	4.22600508
142530.0	4401.0	5.08721447	8.33879089
142530.0	4402.0	6.82908249	4.17524576
142530.0	4403.0	6.45441151	4.67399454
142540.0	4397.0	5.93533182	5.03910589
142540.0	4398.0	6.3602314	4.88590574
142540.0	4399.0	6.74473143	4.0983057
142540.0	4400.0	5.91573143	4.21760559
142540.0	4401.0	4.6942482	8.3600378
142540.0	4402.0	7.22937012	4.1759882
142540.0	4403.0	6.85299015	4.66799784
142550.0	4397.0	5.92512465	5.03435612
142550.0	4398.0	6.35002613	4.88115358
142550.0	4399.0	6.73453236	4.09354448
142550.0	4400.0	5.9055295	4.21284866
142550.0	4401.0	4.2290597	8.43731499
142550.0	4402.0	7.594944	4.19880295
142550.0	4403.0	7.21284866	4.69104481
142560.0	4397.0	5.90232801	5.04661226
142560.0	4398.0	6.32723331	4.89340496
142560.0	4399.0	6.71174049	4.10579729
142560.0	4400.0	5.88273716	4.22510052
142560.0	4401.0	3.74567127	8.55936623
142560.0	4402.0	7.95612144	4.26016617
142560.0	4403.0	7.56193733	4.75413036
142570.0	4397.0	5.87080479	5.06540585
142570.0	4398.0	6.29571342	4.91219473
142570.0	4399.0	6.68023968	4.12456894
142570.0	4400.0	5.85122871	4.24387932
142570.0	4401.0	3.28270626	8.68367863
142570.0	4402.0	8.38312626	4.30407524
142570.0	4403.0	7.98372269	4.79933596
142580.0	4397.0	5.85767174	5.06398678
142580.0	4398.0	6.28258371	4.91077471
142580.0	4399.0	6.66705513	4.12315083
142580.0	4400.0	5.8380661	4.24246025
142580.0	4401.0	2.83032465	8.81218147
142580.0	4402.0	8.85182858	4.32125139
142580.0	4403.0	8.44740772	4.8150053
142590.0	4397.0	5.84593582	5.05621767
142590.0	4398.0	6.27084589	4.90300083
142590.0	4399.0	6.65541553	4.11540318
142590.0	4400.0	5.82638597	4.23470354
142590.0	4401.0	2.40899706	8.92089367
142590.0	4402.0	9.34070396	4.32578754
142590.0	4403.0	8.92957401	4.82003689
