14400.0	187.0	1.35212028	5.31624651
14400.0	188.0	1.35857558	4.4777751
14410.0	187.0	1.50357711	5.31851244
14410.0	188.0	1.49366152	4.48813391
14420.0	187.0	1.68910003	5.24774647
14420.0	188.0	1.6448679	4.42916489
14430.0	187.0	1.88627803	5.19937134
14430.0	188.0	1.80773854	4.38645363
14440.0	187.0	2.0744586	5.14960289
14440.0	188.0	1.95195758	4.35646105
14450.0	187.0	2.22689176	5.11143255
14450.0	188.0	2.07721663	4.35345316
14460.0	187.0	2.35579252	5.07873535
14460.0	188.0	2.20201564	4.34352922
14470.0	187.0	2.4606688	5.05913258
14470.0	188.0	2.31694221	4.34705639
14480.0	187.0	2.53445578	5.05375004
14480.0	188.0	2.42176342	4.36101007
14490.0	187.0	2.59819722	5.05881739
14490.0	188.0	2.51003408	4.41252375
14500.0	187.0	2.66144514	5.06009436
14500.0	188.0	2.60517406	4.46559095
14510.0	187.0	2.71241426	5.09490776
14510.0	188.0	2.68715382	4.53335571
14520.0	187.0	2.75094843	5.14093351
14520.0	188.0	2.78267336	4.60103703
14530.0	187.0	2.79545522	5.22159958
14530.0	188.0	2.9060812	4.65442419
14540.0	187.0	2.84108829	5.30854988
14540.0	188.0	3.00143003	4.71293163
14550.0	187.0	2.81853247	5.45671988
14550.0	188.0	3.0682292	4.81377316
14560.0	187.0	2.76518536	5.64638662
14560.0	188.0	3.11658669	4.95319557
14570.0	187.0	2.70820236	5.88889551
14570.0	188.0	3.12865329	5.14962721
14580.0	187.0	2.70949602	6.06709194
14580.0	188.0	3.18967533	5.28933954
14590.0	187.0	2.65443468	6.24747753
14590.0	188.0	3.2220726	5.42712688
14600.0	189.0	2.2918117	5.26149082
14600.0	190.0	2.23573804	4.49921751
14610.0	189.0	2.47949719	5.22899389
14610.0	190.0	2.37801909	4.46949387
14620.0	189.0	2.69252968	5.18259811
14620.0	190.0	2.54324532	4.43037748
14630.0	189.0	2.92023826	5.12444258
14630.0	190.0	2.72396088	4.3785038
14640.0	189.0	3.09425068	5.07772732
14640.0	190.0	2.85568142	4.37226057
14650.0	189.0	3.23356295	5.03693628
14650.0	190.0	2.98321533	4.35585928
14660.0	189.0	3.34842753	5.02092886
14660.0	190.0	3.10189605	4.36350155
14670.0	189.0	3.43538427	5.01116514
14670.0	190.0	3.21738076	4.37712193
14680.0	189.0	3.49923778	5.01876116
14680.0	190.0	3.30360365	4.43238354
14690.0	189.0	3.56442118	5.01989555
14690.0	190.0	3.40005159	4.48699856
14700.0	189.0	3.61534405	5.05452776
14700.0	190.0	3.48214483	4.55450726
14710.0	189.0	3.65339327	5.09877968
14710.0	190.0	3.57707024	4.62088537
14720.0	189.0	3.6987288	5.1767931
14720.0	190.0	3.70204854	4.67113352
14730.0	189.0	3.7473495	5.25817108
14730.0	190.0	3.8010745	4.72801924
14740.0	189.0	3.73310328	5.4046073
14740.0	190.0	3.86260343	4.83325052
14750.0	189.0	3.72364473	5.55991316
14750.0	190.0	3.95266008	4.94339037
14760.0	189.0	3.65277719	5.80557156
14760.0	190.0	3.95857978	5.14491987
14770.0	189.0	3.57187819	6.07873631
14770.0	190.0	3.9434104	5.37568045
14780.0	189.0	3.52414751	6.27985287
14780.0	190.0	3.97049379	5.52105141
14790.0	189.0	3.43360996	6.48999405
14790.0	190.0	3.94408369	5.70038128
14800.0	191.0	3.18319345	5.17024851
14800.0	192.0	3.04749393	4.39761782
14810.0	191.0	3.3366034	5.16431046
14810.0	192.0	3.16362906	4.39839172
14820.0	191.0	3.52429152	5.13080883
14820.0	192.0	3.31030703	4.38530159
14830.0	191.0	3.76025724	5.09071302
14830.0	192.0	3.48442316	4.38323498
14840.0	191.0	3.96811104	5.04300451
14840.0	192.0	3.64936519	4.37566996
14850.0	191.0	4.15580273	4.99697304
14850.0	192.0	3.79707146	4.37525129
14860.0	191.0	4.2849288	4.97101355
14860.0	192.0	3.92748046	4.39803982
14870.0	191.0	4.38352346	4.95213795
14870.0	192.0	4.03212404	4.44073868
14880.0	191.0	4.45066166	4.95224905
14880.0	192.0	4.12823725	4.49341297
14890.0	191.0	4.49635696	4.98645973
14890.0	192.0	4.20784378	4.56095839
14900.0	191.0	4.52998543	5.03580284
14900.0	192.0	4.30204105	4.62823868
14910.0	191.0	4.57573128	5.11241388
14910.0	192.0	4.42676592	4.67878389
14920.0	191.0	4.62870073	5.1891489
14920.0	192.0	4.52860641	4.73184347
14930.0	191.0	4.61424828	5.32630253
14930.0	192.0	4.59213543	4.83091354
14940.0	191.0	4.58857441	5.48030376
14940.0	192.0	4.66809464	4.94478703
14950.0	191.0	4.51716661	5.69381046
14950.0	192.0	4.67036057	5.11866379
14960.0	191.0	4.41646957	5.9480772
14960.0	192.0	4.63809299	5.3377142
14970.0	191.0	4.28537273	6.20051336
14970.0	192.0	4.58257246	5.54945183
14980.0	191.0	4.18092155	6.39016533
14980.0	192.0	4.53755665	5.72350979
14990.0	191.0	4.07377672	6.56331635
14990.0	192.0	4.46983433	5.90386581
15000.0	193.0	4.11856365	5.15897036
15000.0	194.0	3.89554071	4.27238131
15010.0	193.0	4.25005674	5.18217421
15010.0	194.0	4.04275799	4.31940651
15020.0	193.0	4.41807747	5.15586519
15020.0	194.0	4.21269989	4.32522678
15030.0	193.0	4.58243942	5.13282394
15030.0	194.0	4.3987236	4.33873129
15040.0	193.0	4.72392368	5.10273838
15040.0	194.0	4.55790997	4.34255886
15050.0	193.0	4.80976629	5.09680796
15050.0	194.0	4.68545103	4.36902046
15060.0	193.0	4.88617706	5.09995079
15060.0	194.0	4.79327393	4.41326094
15070.0	193.0	4.954	5.10200548
15070.0	194.0	4.89176893	4.46080208
15080.0	193.0	5.00128174	5.13729954
15080.0	194.0	4.96884155	4.53054333
15090.0	193.0	5.03791332	5.18328428
15090.0	194.0	5.06242561	4.59882212
15100.0	193.0	5.08380365	5.25955963
15100.0	194.0	5.18665695	4.64957714
15110.0	193.0	5.13855648	5.32562828
15110.0	194.0	5.28761196	4.69278145
15120.0	193.0	5.14821243	5.43797207
15120.0	194.0	5.37133646	4.76601267
15130.0	193.0	5.15179586	5.56644726
15130.0	194.0	5.46322584	4.85753393
15140.0	193.0	5.08448505	5.75121832
15140.0	194.0	5.46470356	5.01827002
15150.0	193.0	5.01122665	5.94753075
15150.0	194.0	5.44394684	5.20636082
15160.0	193.0	4.87750387	6.18363953
15160.0	194.0	5.34813881	5.42038965
15170.0	193.0	4.71516132	6.45792007
15170.0	194.0	5.19103861	5.69385386
15180.0	193.0	4.57510948	6.65700912
15180.0	194.0	5.04504681	5.90992403
15190.0	193.0	4.46694613	6.78822947
15190.0	194.0	4.92593288	6.0554657
15200.0	195.0	5.04483986	5.0933919
15200.0	196.0	4.70453167	4.13038921
15210.0	195.0	5.27744818	5.11882114
15210.0	196.0	4.93030357	4.19531965
15220.0	195.0	5.47578907	5.09668779
15220.0	196.0	5.1380291	4.18881178
15230.0	195.0	5.66525793	5.05995321
15230.0	196.0	5.34299088	4.186831
15240.0	195.0	5.77679491	5.03250313
15240.0	196.0	5.49269676	4.1749754
15250.0	195.0	5.85700846	5.02396536
15250.0	196.0	5.59289169	4.21185493
15260.0	195.0	5.92036057	5.03709555
15260.0	196.0	5.68780851	4.27238226
15270.0	195.0	5.96800184	5.07572174
15270.0	196.0	5.77063942	4.34285498
15280.0	195.0	6.00727177	5.12326241
15280.0	196.0	5.87068605	4.40872049
15290.0	195.0	6.05390835	5.20015907
15290.0	196.0	5.99505186	4.45977783
15300.0	195.0	6.11014509	5.26494837
15300.0	196.0	6.09447765	4.50351334
15310.0	195.0	6.12525845	5.36677408
15310.0	196.0	6.1819334	4.56660891
15320.0	195.0	6.15335751	5.4677844
15320.0	196.0	6.29101753	4.63661861
15330.0	195.0	6.10310125	5.63317919
15330.0	196.0	6.31474829	4.78067398
15340.0	195.0	6.02278805	5.82576942
15340.0	196.0	6.30359745	4.95627213
15350.0	195.0	5.88514233	6.0564518
15350.0	196.0	6.23232603	5.15736961
15360.0	195.0	5.67419052	6.34799099
15360.0	196.0	6.06360292	5.44152355
15370.0	195.0	5.46802998	6.62781811
15370.0	196.0	5.90629005	5.70430851
15380.0	195.0	5.30806684	6.78370857
15380.0	196.0	5.78896523	5.84173727
15390.0	195.0	5.14662838	6.91489124
15390.0	196.0	5.68044567	5.94665575
15400.0	197.0	6.02681303	5.02997017
15400.0	198.0	5.54338503	4.15130091
15410.0	197.0	6.16380072	5.04990435
15410.0	198.0	5.70428848	4.213552
15420.0	197.0	6.32035828	5.02046013
15420.0	198.0	5.85137177	4.20692396
15430.0	197.0	6.45936346	4.98905659
15430.0	198.0	6.02957487	4.20682716
15440.0	197.0	6.5633893	4.96671343
15440.0	198.0	6.15407658	4.22754669
15450.0	197.0	6.6375289	4.94774961
15450.0	198.0	6.25892639	4.26572514
15460.0	197.0	6.68191957	4.97671366
15460.0	198.0	6.34413052	4.32753325
15470.0	197.0	6.71712399	5.02415991
15470.0	198.0	6.44242334	4.38672256
15480.0	197.0	6.7573595	5.1004405
15480.0	198.0	6.56191874	4.43592739
15490.0	197.0	6.80933237	5.17822933
15490.0	198.0	6.65526199	4.49189568
15500.0	197.0	6.7987299	5.30277538
15500.0	198.0	6.71881247	4.57851124
15510.0	197.0	6.81713009	5.42033052
15510.0	198.0	6.8080039	4.64873314
15520.0	197.0	6.80477047	5.54345894
15520.0	198.0	6.87166691	4.73901176
15530.0	197.0	6.79586887	5.67672062
15530.0	198.0	6.92370319	4.8470974
15540.0	197.0	6.80662966	5.82707024
15540.0	198.0	6.98656225	4.9724226
15550.0	197.0	6.82659245	6.02083158
15550.0	198.0	7.03407717	5.17864752
15560.0	197.0	6.9148097	6.27991056
15560.0	198.0	7.13958025	5.45282888
15570.0	197.0	7.16451502	6.49792862
15570.0	198.0	7.41469669	5.67107916
15580.0	197.0	7.49132729	6.60833311
15580.0	198.0	7.74059963	5.77930737
15590.0	197.0	7.84165764	6.73141623
15590.0	198.0	8.0769825	5.91976166
15600.0	199.0	7.00819349	5.0109539
15600.0	200.0	6.35769749	4.19631195
15610.0	199.0	7.13883924	5.01932669
15610.0	200.0	6.48856449	4.22135162
15620.0	199.0	7.25996685	4.97317696
15620.0	200.0	6.62634611	4.21424007
15630.0	199.0	7.3825779	4.93875885
15630.0	200.0	6.7654953	4.22246504
15640.0	199.0	7.45831776	4.92146826
15640.0	200.0	6.87656736	4.25041771
15650.0	199.0	7.5056777	4.95511913
15650.0	200.0	6.96343994	4.31265116
15660.0	199.0	7.54254198	5.00372314
15660.0	200.0	7.06549263	4.37837696
15670.0	199.0	7.58766174	5.07432699
15670.0	200.0	7.18691254	4.42465019
15680.0	199.0	7.63914776	5.15512562
15680.0	200.0	7.28000736	4.4802599
15690.0	199.0	7.63332462	5.27322388
15690.0	200.0	7.34729385	4.56471109
15700.0	199.0	7.64992189	5.37659073
15700.0	200.0	7.42601442	4.63508081
15710.0	199.0	7.66556406	5.48109818
15710.0	200.0	7.49497223	4.72342539
15720.0	199.0	7.68852854	5.5724535
15720.0	200.0	7.56836987	4.7942977
15730.0	199.0	7.6594944	5.70830917
15730.0	200.0	7.60892296	4.88239479
15740.0	199.0	7.62815857	5.90278673
15740.0	200.0	7.63371468	5.06989527
15750.0	199.0	7.64841652	6.13589144
15750.0	200.0	7.73159885	5.35721922
15760.0	199.0	7.74363995	6.38162136
15760.0	200.0	7.97053528	5.68560982
15770.0	199.0	7.96865511	6.55856323
15770.0	200.0	8.35745525	5.95314455
15780.0	199.0	8.1944418	6.69199944
15780.0	200.0	8.78093243	6.12969685
15790.0	199.0	8.42513084	6.86916542
15790.0	200.0	9.20171165	6.3246479
15800.0	201.0	-2.32863927	6.62029552
15800.0	202.0	-1.55259287	5.54592752
15810.0	201.0	-2.10916567	6.62785912
15810.0	202.0	-1.38646483	5.55644274
15820.0	201.0	-1.8662498	6.57205677
15820.0	202.0	-1.18530405	5.51681709
15830.0	201.0	-1.59812975	6.55434752
15830.0	202.0	-0.96115601	5.49817753
15840.0	201.0	-1.34006608	6.5146656
15840.0	202.0	-0.74518263	5.45805693
15850.0	201.0	-1.13459647	6.50730419
15850.0	202.0	-0.58211493	5.46390629
15860.0	201.0	-0.89230251	6.48758698
15860.0	202.0	-0.37174928	5.47500849
15870.0	201.0	-0.69993353	6.51041603
15870.0	202.0	-0.16770577	5.51425219
15880.0	201.0	-0.45622885	6.49202681
15880.0	202.0	0.09255421	5.53312635
15890.0	201.0	-0.2609241	6.52088737
15890.0	202.0	0.32230318	5.57109499
15900.0	201.0	-0.05365396	6.53196335
15900.0	202.0	0.59387457	5.58322525
15910.0	201.0	0.13963127	6.53273916
15910.0	202.0	0.91816127	5.58087111
15920.0	201.0	0.36337543	6.52427626
15920.0	202.0	1.30384982	5.59869432
15930.0	201.0	0.64676595	6.46256065
15930.0	202.0	1.79266489	5.60077906
15940.0	201.0	0.93813705	6.36462259
15940.0	202.0	2.34452724	5.59475708
15950.0	201.0	1.24714589	6.23487949
15950.0	202.0	2.96130705	5.58857775
15960.0	201.0	1.54671192	6.17116261
15960.0	202.0	3.57093477	5.68402672
15970.0	201.0	1.80726266	6.1524806
15970.0	202.0	4.15525103	5.82946444
15980.0	201.0	2.12796474	6.10108185
15980.0	202.0	4.8374939	5.90198612
15990.0	201.0	2.43212438	6.09158516
15990.0	202.0	5.45663691	6.00407314
16000.0	203.0	10.66278076	6.10548496
16000.0	204.0	12.86258411	6.73931599
16010.0	203.0	10.33394051	5.96793509
16010.0	204.0	12.51851654	6.57015562
16020.0	203.0	10.06218243	5.77452803
16020.0	204.0	12.21342945	6.34113312
16030.0	203.0	9.96154118	5.71638203
16030.0	204.0	12.09070969	6.25982809
16040.0	203.0	9.83293915	5.65187645
16040.0	204.0	11.93228531	6.1433835
16050.0	203.0	9.7192421	5.63395214
16050.0	204.0	11.75243568	6.08159208
16060.0	203.0	9.60174751	5.60828066
16060.0	204.0	11.56636429	6.00283194
16070.0	203.0	9.49983406	5.60083437
16070.0	204.0	11.37453461	5.93435812
16080.0	203.0	9.41260338	5.57939482
16080.0	204.0	11.20284939	5.86109447
16090.0	203.0	9.30216408	5.5729208
16090.0	204.0	11.00498199	5.78771591
16100.0	203.0	9.16093349	5.57836437
16100.0	204.0	10.80002785	5.71544266
16110.0	203.0	8.95074463	5.59516859
16110.0	204.0	10.58744907	5.6339817
16120.0	203.0	8.69087601	5.62128353
16120.0	204.0	10.34304523	5.56009388
16130.0	203.0	8.35363483	5.63807297
16130.0	204.0	10.02988243	5.51913166
16140.0	203.0	7.97076035	5.60069418
16140.0	204.0	9.67750931	5.47817945
16150.0	203.0	7.55709982	5.4944706
16150.0	204.0	9.29734898	5.41877508
16160.0	203.0	7.11121559	5.34634399
16160.0	204.0	8.91089344	5.3694129
16170.0	203.0	6.64322424	5.16448879
16170.0	204.0	8.52571869	5.30725098
16180.0	203.0	6.17919159	4.93123627
16180.0	204.0	8.14786911	5.2166357
16190.0	203.0	5.69660807	4.77050924
16190.0	204.0	7.72519159	5.17074156
16200.0	205.0	12.7456007	6.30148935
16200.0	206.0	12.29759312	7.06822491
16210.0	205.0	12.46335888	6.168118
16210.0	206.0	11.99463749	6.91164446
16220.0	205.0	12.21646976	5.99382877
16220.0	206.0	11.705019	6.70791769
16230.0	205.0	12.08686543	5.90195084
16230.0	206.0	11.54476357	6.58809853
16240.0	205.0	11.91321754	5.79974318
16240.0	206.0	11.35185337	6.46631908
16250.0	205.0	11.73492432	5.71180201
16250.0	206.0	11.15950012	6.36193371
16260.0	205.0	11.55702209	5.60701084
16260.0	206.0	10.94972229	6.23283195
16270.0	205.0	11.35540009	5.50156021
16270.0	206.0	10.70615292	6.11145449
16280.0	205.0	11.13654804	5.37695217
16280.0	206.0	10.44087029	5.96853352
16290.0	205.0	10.90433693	5.22630692
16290.0	206.0	10.16950321	5.81762123
16300.0	205.0	10.64446926	5.08076572
16300.0	206.0	9.87583733	5.68342304
16310.0	205.0	10.33374214	4.92177486
16310.0	206.0	9.53388596	5.54167843
16320.0	205.0	10.00323296	4.76801634
16320.0	206.0	9.180336	5.41362286
16330.0	205.0	9.61749458	4.62726068
16330.0	206.0	8.78659916	5.28533363
16340.0	205.0	9.20330048	4.44965267
16340.0	206.0	8.36128044	5.12687683
16350.0	205.0	8.77655411	4.24338436
16350.0	206.0	7.93175697	4.92887783
16360.0	205.0	8.29264641	4.03180408
16360.0	206.0	7.43886852	4.7202549
16370.0	205.0	7.77456856	3.82683277
16370.0	206.0	6.9049778	4.50796938
16380.0	205.0	7.3018713	3.59984422
16380.0	206.0	6.39642334	4.27559853
16390.0	205.0	6.82536602	3.45940638
16390.0	206.0	5.88506985	4.12672901
16400.0	207.0	7.13245296	8.4943552
16400.0	208.0	8.17245293	8.89435577
16400.0	209.0	12.34899044	3.36725211
16410.0	207.0	7.03542757	8.48688698
16410.0	208.0	8.07542801	8.88688755
16410.0	209.0	12.37772846	3.40140986
16420.0	207.0	6.97986317	8.45300579
16420.0	208.0	8.01986313	8.85300636
16420.0	209.0	12.4341011	3.42021656
16430.0	207.0	6.97735834	8.44375229
16430.0	208.0	8.01735783	8.84375286
16430.0	209.0	12.50408459	3.41712451
16440.0	207.0	6.96285582	8.43279362
16440.0	208.0	8.00285625	8.83279419
16440.0	209.0	12.52462196	3.41073871
16450.0	207.0	6.94737864	8.43576431
16450.0	208.0	7.9873457	8.8356142
16450.0	209.0	12.52549839	3.41875172
16460.0	207.0	6.9344039	8.43520832
16460.0	208.0	7.97482872	8.83447647
16460.0	209.0	12.52375221	3.41341591
16470.0	207.0	6.91151333	8.43640327
16470.0	208.0	7.95345879	8.83345318
16470.0	209.0	12.51889133	3.41217518
16480.0	207.0	6.89258099	8.43968773
16480.0	208.0	7.93725777	8.83544827
16480.0	209.0	12.50574493	3.39334202
16490.0	207.0	6.87122965	8.43554974
16490.0	208.0	7.92462158	8.83071804
16490.0	209.0	12.50349712	3.37680364
16500.0	207.0	6.85345888	8.42424774
16500.0	208.0	7.91701269	8.81889725
16500.0	209.0	12.51663971	3.35380101
16510.0	207.0	6.82042694	8.41235065
16510.0	208.0	7.90294266	8.80857754
16510.0	209.0	12.52079296	3.34302473
16520.0	207.0	6.78283644	8.39807606
16520.0	208.0	7.89378643	8.80403328
16520.0	209.0	12.52566338	3.34364605
16530.0	207.0	6.72335386	8.39952469
16530.0	208.0	7.87448692	8.82337093
16530.0	209.0	12.49638557	3.37793207
16540.0	207.0	6.64914703	8.42382812
16540.0	208.0	7.81470346	8.86934471
16540.0	209.0	12.42852306	3.44905519
16550.0	207.0	6.56957912	8.43461418
16550.0	208.0	7.74598837	8.9254837
16550.0	209.0	12.34238529	3.52654338
16560.0	207.0	6.47717285	8.44585228
16560.0	208.0	7.63271952	9.01645088
16560.0	209.0	12.21190739	3.63366342
16570.0	207.0	6.4191637	8.44525623
16570.0	208.0	7.5497241	9.13253689
16570.0	209.0	12.10881042	3.74760747
16580.0	207.0	6.34555578	8.43133068
16580.0	208.0	7.48745394	9.21555901
16580.0	209.0	12.02824974	3.82290888
16590.0	207.0	6.24109364	8.43113136
16590.0	208.0	7.41308355	9.30570984
16590.0	209.0	11.92236805	3.90964127
16600.0	210.0	7.17861223	8.51189041
16600.0	211.0	8.21861267	8.91189098
16600.0	212.0	12.54231548	3.2955358
16610.0	210.0	7.0451479	8.46280861
16610.0	211.0	8.08514786	8.86280918
16610.0	212.0	12.46099567	3.26815224
16620.0	210.0	6.9555583	8.39841938
16620.0	211.0	7.99555826	8.79841995
16620.0	212.0	12.40775108	3.23041153
16630.0	210.0	6.94812727	8.39830017
16630.0	211.0	7.98812723	8.79830074
16630.0	212.0	12.40967655	3.25753951
16640.0	210.0	6.94677734	8.39492321
16640.0	211.0	7.9867382	8.79477787
16640.0	212.0	12.41535473	3.26998782
16650.0	210.0	6.93349552	8.40222645
16650.0	211.0	7.97389889	8.80150509
16650.0	212.0	12.40856361	3.27802014
16660.0	210.0	6.9145937	8.40528679
16660.0	211.0	7.95652485	8.80241013
16660.0	212.0	12.3954258	3.28833103
16670.0	210.0	6.89980173	8.40639114
16670.0	211.0	7.94438839	8.80230427
16670.0	212.0	12.37918854	3.2679038
16680.0	210.0	6.88030148	8.39983177
16680.0	211.0	7.93358755	8.79523373
16680.0	212.0	12.37464619	3.24580169
16690.0	210.0	6.86418915	8.39040089
16690.0	211.0	7.92773914	8.78442192
16690.0	212.0	12.38722515	3.22553897
16700.0	210.0	6.83187962	8.37845325
16700.0	211.0	7.91271973	8.77480507
16700.0	212.0	12.3888483	3.21488285
16710.0	210.0	6.7974782	8.37579918
16710.0	211.0	7.89734793	8.775527
16710.0	212.0	12.38498497	3.21988368
16720.0	210.0	6.76099634	8.36715889
16720.0	211.0	7.88428307	8.78101158
16720.0	212.0	12.37387466	3.23315072
16730.0	210.0	6.72260952	8.36140442
16730.0	211.0	7.87386703	8.79070568
16730.0	212.0	12.3579607	3.25161147
16740.0	210.0	6.67704201	8.35834885
16740.0	211.0	7.84863424	8.81662464
16740.0	212.0	12.33770752	3.27962422
16750.0	210.0	6.63766623	8.3577261
16750.0	211.0	7.81250954	8.85750103
16750.0	212.0	12.31471252	3.3165617
16760.0	210.0	6.59467077	8.37491608
16760.0	211.0	7.76849604	8.91647243
16760.0	212.0	12.27825069	3.36715984
16770.0	210.0	6.56829023	8.38892555
16770.0	211.0	7.73297358	8.97830868
16770.0	212.0	12.25148392	3.40932894
16780.0	210.0	6.5692153	8.37232494
16780.0	211.0	7.7354846	9.00357723
16780.0	212.0	12.27927113	3.4050889
16790.0	210.0	6.55990171	8.36719131
16790.0	211.0	7.73418331	9.02937317
16790.0	212.0	12.29827023	3.40331841
16800.0	213.0	7.15908194	8.48464108
16800.0	214.0	8.19908237	8.88464165
16800.0	215.0	12.62105751	3.27359867
16810.0	213.0	7.04474163	8.44814968
16810.0	214.0	8.08474159	8.84815025
16810.0	215.0	12.51047134	3.25653934
16820.0	213.0	6.96241474	8.39775181
16820.0	214.0	8.0024147	8.79775238
16820.0	215.0	12.39223385	3.21157241
16830.0	213.0	6.95742607	8.385005
16830.0	214.0	7.99742126	8.78488541
16830.0	215.0	12.37003422	3.19954252
16840.0	213.0	6.95597839	8.36854172
16840.0	214.0	7.99622202	8.76786518
16840.0	215.0	12.36552334	3.16274667
16850.0	213.0	6.93163395	8.36971855
16850.0	214.0	7.97339916	8.76677513
16850.0	215.0	12.34296036	3.15769148
16860.0	213.0	6.90882778	8.37372684
16860.0	214.0	7.95326328	8.76951885
16860.0	215.0	12.31463432	3.14554811
16870.0	213.0	6.88521671	8.37010479
16870.0	214.0	7.93836021	8.76529312
16870.0	215.0	12.30531406	3.12452698
16880.0	213.0	6.86703253	8.35987759
16880.0	214.0	7.93029833	8.75380516
16880.0	215.0	12.31048107	3.10140443
16890.0	213.0	6.83405304	8.34873962
16890.0	214.0	7.91553879	8.74432755
16890.0	215.0	12.31251812	3.09171033
16900.0	213.0	6.79380894	8.34538746
16900.0	214.0	7.8983407	8.7443943
16900.0	215.0	12.30504608	3.09515309
16910.0	213.0	6.76105833	8.33410168
16910.0	214.0	7.88745975	8.74318504
16910.0	215.0	12.29753208	3.10048819
16920.0	213.0	6.73967934	8.31324291
16920.0	214.0	7.88735867	8.7405653
16920.0	215.0	12.30076027	3.1041491
16930.0	213.0	6.71358967	8.29904175
16930.0	214.0	7.87099552	8.76017094
16930.0	215.0	12.28829479	3.12364721
16940.0	213.0	6.67911339	8.29260921
16940.0	214.0	7.83791018	8.79607964
16940.0	215.0	12.26836014	3.15215921
16950.0	213.0	6.64568853	8.29319668
16950.0	214.0	7.79576635	8.83258629
16950.0	215.0	12.2384491	3.1924212
16960.0	213.0	6.60377073	8.31064415
16960.0	214.0	7.747015	8.8797121
16960.0	215.0	12.20848846	3.23162961
16970.0	213.0	6.5604248	8.32526302
16970.0	214.0	7.7088747	8.92471123
16970.0	215.0	12.19853687	3.24294353
16980.0	213.0	6.51590872	8.32453156
16980.0	214.0	7.69687176	8.93817329
16980.0	215.0	12.19317627	3.23160386
16990.0	213.0	6.45686817	8.3230772
16990.0	214.0	7.66836834	8.95225906
16990.0	215.0	12.15976429	3.221421
17000.0	216.0	7.18750048	8.52366543
17000.0	217.0	8.22749996	8.923666
17000.0	218.0	12.76369572	3.44412231
17010.0	216.0	7.076231	8.52284813
17010.0	217.0	8.11623096	8.9228487
17010.0	218.0	12.63465118	3.43025327
17020.0	216.0	7.01881456	8.50808239
17020.0	217.0	8.05883026	8.90794277
17020.0	218.0	12.54460621	3.39807653
17030.0	216.0	7.04005718	8.52539062
17030.0	217.0	8.08050156	8.92464542
17030.0	218.0	12.52641296	3.39376664
17040.0	216.0	7.02752304	8.53516197
17040.0	217.0	8.06955814	8.93237686
17040.0	218.0	12.49685383	3.37123775
17050.0	216.0	7.00204659	8.54201794
17050.0	217.0	8.0472374	8.93843651
17050.0	218.0	12.47212601	3.34759331
17060.0	216.0	6.96806574	8.55483627
17060.0	217.0	8.02245617	8.95105648
17060.0	218.0	12.44583893	3.33993626
17070.0	216.0	6.94589901	8.55697536
17070.0	217.0	8.0101738	8.95205212
17070.0	218.0	12.44534779	3.33131027
17080.0	216.0	6.91710424	8.55334663
17080.0	217.0	8.0001297	8.95147991
17080.0	218.0	12.45036697	3.32299948
17090.0	216.0	6.87816238	8.55261135
17090.0	217.0	7.98499012	8.95488453
17090.0	218.0	12.4399662	3.32999349
17100.0	216.0	6.84470034	8.5411129
17100.0	217.0	7.97443771	8.95354366
17100.0	218.0	12.43379498	3.33507228
17110.0	216.0	6.82451153	8.52074432
17110.0	217.0	7.97407484	8.95078278
17110.0	218.0	12.43730927	3.3360796
17120.0	216.0	6.80095196	8.50047207
17120.0	217.0	7.96120501	8.96200943
17120.0	218.0	12.42941952	3.35020852
17130.0	216.0	6.77631187	8.48195267
17130.0	217.0	7.93332672	8.98816395
17130.0	218.0	12.408144	3.36622167
17140.0	216.0	6.73545599	8.48426437
17140.0	217.0	7.88556623	9.01970863
17140.0	218.0	12.36870575	3.39759231
17150.0	216.0	6.67359304	8.51667404
17150.0	217.0	7.81666708	9.06770992
17150.0	218.0	12.31727695	3.43621874
17160.0	216.0	6.58028698	8.57602215
17160.0	217.0	7.73530531	9.13302898
17160.0	218.0	12.24971676	3.47419977
17170.0	216.0	6.45402956	8.66866016
17170.0	217.0	7.63809538	9.20883942
17170.0	218.0	12.1631422	3.5115633
17180.0	216.0	6.35753059	8.73690414
17180.0	217.0	7.57464218	9.24706364
17180.0	218.0	12.07437801	3.5241673
17190.0	216.0	6.24292278	8.78439617
17190.0	217.0	7.47934914	9.27409554
17190.0	218.0	11.95435047	3.5113833
17200.0	219.0	7.15194416	8.50213909
17200.0	220.0	8.19194412	8.90213966
17200.0	221.0	12.8667984	3.52285242
17210.0	219.0	6.99536991	8.45384312
17210.0	220.0	8.03537941	8.85379791
17210.0	221.0	12.70340538	3.47937179
17220.0	219.0	6.87736225	8.38987541
17220.0	220.0	7.91757679	8.78919697
17220.0	221.0	12.56271267	3.40439892
17230.0	219.0	6.83763885	8.37864399
17230.0	220.0	7.87944412	8.77573967
17230.0	221.0	12.52061462	3.36172152
17240.0	219.0	6.80572605	8.35592937
17240.0	220.0	7.85068321	8.75176239
17240.0	221.0	12.48206043	3.30475497
17250.0	219.0	6.76338673	8.34700203
17250.0	220.0	7.81757927	8.74234486
17250.0	221.0	12.45765591	3.28576875
17260.0	219.0	6.7335391	8.34024906
17260.0	220.0	7.79788065	8.73434734
17260.0	221.0	12.45330429	3.26625705
17270.0	219.0	6.70471334	8.33610725
17270.0	220.0	7.78782129	8.73261452
17270.0	221.0	12.45937443	3.2597723
17280.0	219.0	6.6668148	8.33420086
17280.0	220.0	7.77356291	8.73476982
17280.0	221.0	12.45122528	3.26356506
17290.0	219.0	6.63341522	8.32486725
17290.0	220.0	7.76301622	8.73573685
17290.0	221.0	12.44597435	3.27052116
17300.0	219.0	6.61319685	8.30205536
17300.0	220.0	7.76245022	8.73086643
17300.0	221.0	12.44932365	3.26964331
17310.0	219.0	6.59554291	8.27739143
17310.0	220.0	7.75581169	8.73879242
17310.0	221.0	12.4472208	3.28002048
17320.0	219.0	6.57698154	8.26231575
17320.0	220.0	7.73140335	8.76651001
17320.0	221.0	12.43175888	3.29934549
17330.0	219.0	6.54237604	8.26352024
17330.0	220.0	7.69323587	8.79438305
17330.0	221.0	12.3966465	3.32885885
17340.0	219.0	6.4811306	8.2945013
17340.0	220.0	7.62283564	8.83757019
17340.0	221.0	12.34176254	3.36402869
17350.0	219.0	6.39375019	8.35284424
17350.0	220.0	7.5366745	8.90447998
17350.0	221.0	12.277771	3.39950061
17360.0	219.0	6.25516701	8.46662521
17360.0	220.0	7.42618227	9.0009594
17360.0	221.0	12.18113899	3.45619273
17370.0	219.0	6.13714504	8.60027695
17370.0	220.0	7.33038664	9.10232449
17370.0	221.0	12.07898521	3.52154875
17380.0	219.0	6.0419426	8.69195652
17380.0	220.0	7.23746252	9.16815472
17380.0	221.0	11.96426773	3.55323648
17390.0	219.0	5.92027664	8.76218224
17390.0	220.0	7.12964869	9.22048092
17390.0	221.0	11.83024883	3.56447721
17400.0	222.0	7.13398647	8.48849106
17400.0	223.0	8.17395306	8.88842106
17400.0	224.0	12.85361004	3.51984334
17410.0	222.0	6.99400854	8.44916916
17410.0	223.0	8.03430653	8.84866905
17410.0	224.0	12.71207523	3.45875978
17420.0	222.0	6.90151405	8.39528179
17420.0	223.0	7.94330406	8.79242229
17420.0	224.0	12.61249256	3.37624931
17430.0	222.0	6.8790102	8.37702084
17430.0	223.0	7.92406845	8.77294922
17430.0	224.0	12.58465195	3.31804061
17440.0	222.0	6.84300184	8.3743906
17440.0	223.0	7.89712954	8.76993942
17440.0	224.0	12.56225014	3.28677845
17450.0	222.0	6.81819105	8.36960411
17450.0	223.0	7.88239288	8.76397133
17450.0	224.0	12.55881786	3.26598454
17460.0	222.0	6.7887702	8.36402607
17460.0	223.0	7.87177229	8.76104259
17460.0	224.0	12.56641102	3.25951242
17470.0	222.0	6.75006628	8.36258411
17470.0	223.0	7.85671377	8.76389885
17470.0	224.0	12.55883503	3.26323867
17480.0	222.0	6.71642876	8.35311794
17480.0	223.0	7.84605694	8.76477337
17480.0	224.0	12.55354691	3.26972222
17490.0	222.0	6.69616938	8.33172989
17490.0	223.0	7.84535551	8.76092529
17490.0	224.0	12.55678082	3.26937151
17500.0	222.0	6.67555523	8.30815125
17500.0	223.0	7.83616924	8.77008629
17500.0	224.0	12.55212116	3.28115606
17510.0	222.0	6.65742588	8.2910223
17510.0	223.0	7.81169605	8.79678059
17510.0	224.0	12.53544903	3.29796481
17520.0	222.0	6.62794209	8.2882309
17520.0	223.0	7.77829027	8.82158279
17520.0	224.0	12.50445461	3.3247695
17530.0	222.0	6.58314991	8.31212521
17530.0	223.0	7.72092247	8.85716152
17530.0	224.0	12.46007061	3.35493708
17540.0	222.0	6.51235104	8.3604269
17540.0	223.0	7.64993238	8.91442013
17540.0	224.0	12.40667343	3.39099026
17550.0	222.0	6.39205313	8.45651627
17550.0	223.0	7.56145096	8.99271774
17550.0	224.0	12.32202339	3.45405698
17560.0	222.0	6.28328276	8.60225964
17560.0	223.0	7.47948933	9.09296227
17560.0	224.0	12.21980762	3.54243898
17570.0	222.0	6.20215082	8.74986744
17570.0	223.0	7.40127516	9.20044708
17570.0	224.0	12.13491058	3.62729907
17580.0	222.0	6.14685106	8.8508215
17580.0	223.0	7.35380411	9.27167892
17580.0	224.0	12.06715965	3.67945862
17590.0	222.0	6.09247446	8.95891953
17590.0	223.0	7.2905674	9.35708618
17590.0	224.0	11.98555183	3.75598884
17600.0	225.0	7.15330267	8.49188328
17600.0	226.0	8.1934576	8.8910656
17600.0	227.0	12.87743282	3.42104149
17610.0	225.0	7.02575779	8.45552349
17610.0	226.0	8.06733513	8.8527422
17610.0	227.0	12.76739979	3.36722279
17620.0	225.0	6.93703175	8.41422081
17620.0	226.0	7.98199797	8.81028748
17620.0	227.0	12.68916702	3.31082106
17630.0	225.0	6.90371895	8.418293
17630.0	226.0	7.95747089	8.81379986
17630.0	227.0	12.67275238	3.301934
17640.0	225.0	6.88058138	8.41312599
17640.0	226.0	7.94505167	8.80572319
17640.0	227.0	12.66899872	3.28303719
17650.0	225.0	6.85584641	8.3968401
17650.0	226.0	7.93766117	8.79396725
17650.0	227.0	12.67394543	3.26423717
17660.0	225.0	6.81102753	8.39021111
17660.0	226.0	7.91624117	8.79203415
17660.0	227.0	12.6583147	3.26576138
17670.0	225.0	6.7807827	8.372365
17670.0	226.0	7.90802383	8.78494453
17670.0	227.0	12.65637589	3.26461053
17680.0	225.0	6.76190376	8.34264755
17680.0	226.0	7.91119814	8.77385044
17680.0	227.0	12.66114712	3.25861788
17690.0	225.0	6.73851156	8.31541157
17690.0	226.0	7.8969717	8.78159237
17690.0	227.0	12.65092945	3.27103019
17700.0	225.0	6.7242136	8.290658
17700.0	226.0	7.87417603	8.7996397
17700.0	227.0	12.63532448	3.2851944
17710.0	225.0	6.71449757	8.27317238
17710.0	226.0	7.85746527	8.81384373
17710.0	227.0	12.62347698	3.30310917
17720.0	225.0	6.71589231	8.27242088
17720.0	226.0	7.83720064	8.82411385
17720.0	227.0	12.62424755	3.304672
17730.0	225.0	6.69094229	8.30289459
17730.0	226.0	7.79963303	8.84322739
17730.0	227.0	12.60478115	3.31122327
17740.0	225.0	6.5946064	8.39323616
17740.0	226.0	7.74017668	8.89046097
17740.0	227.0	12.55083656	3.34967613
17750.0	225.0	6.48283482	8.53439713
17750.0	226.0	7.67724705	8.9584341
17750.0	227.0	12.47406769	3.41045308
17760.0	225.0	6.36312962	8.69701862
17760.0	226.0	7.57320499	9.04980373
17760.0	227.0	12.36343765	3.47637272
17770.0	225.0	6.2585392	8.87296009
17770.0	226.0	7.48851538	9.13712597
17770.0	227.0	12.26760674	3.54790044
17780.0	225.0	6.20623922	8.99614906
17780.0	226.0	7.42224598	9.16639519
17780.0	227.0	12.17919636	3.57530069
17790.0	225.0	6.16169167	9.09514809
17790.0	226.0	7.34331322	9.19028282
17790.0	227.0	12.0928669	3.59271264
17800.0	228.0	7.20570135	8.53355694
17800.0	229.0	8.24009132	8.92712116
17800.0	230.0	12.93973732	3.25502825
17810.0	228.0	7.06464052	8.52687836
17810.0	229.0	8.10616207	8.91998291
17810.0	230.0	12.80968475	3.2497046
17820.0	228.0	6.94434929	8.48862267
17820.0	229.0	8.00321198	8.88889027
17820.0	230.0	12.69969559	3.22348976
17830.0	228.0	6.90803957	8.48800659
17830.0	229.0	7.97737598	8.89274788
17830.0	230.0	12.67553902	3.23220849
17840.0	228.0	6.87829208	8.48945427
17840.0	229.0	7.96845818	8.8961935
17840.0	230.0	12.67356491	3.24430132
17850.0	228.0	6.84650803	8.50070477
17850.0	229.0	7.95355701	8.91164684
17850.0	230.0	12.66943359	3.27737308
17860.0	228.0	6.81620979	8.49606133
17860.0	229.0	7.93862629	8.91984367
17860.0	230.0	12.66287422	3.30149436
17870.0	228.0	6.80816746	8.48090458
17870.0	229.0	7.94428444	8.92101192
17870.0	230.0	12.67448997	3.31148982
17880.0	228.0	6.78897953	8.46880245
17880.0	229.0	7.93261099	8.93891907
17880.0	230.0	12.66573048	3.34271789
17890.0	228.0	6.78130245	8.44807625
17890.0	229.0	7.91420937	8.95830917
17890.0	230.0	12.65502739	3.35984492
17900.0	228.0	6.77535868	8.42852306
17900.0	229.0	7.90146637	8.96657085
17900.0	230.0	12.64768219	3.37035108
17910.0	228.0	6.77923727	8.41962528
17910.0	229.0	7.88954973	8.96938801
17910.0	230.0	12.65740585	3.36716008
17920.0	228.0	6.77464962	8.43248844
17920.0	229.0	7.88046312	8.97411919
17920.0	230.0	12.66699791	3.36488342
17930.0	228.0	6.71345472	8.50092125
17930.0	229.0	7.85220718	9.00483513
17930.0	230.0	12.63515949	3.39798975
17940.0	228.0	6.60732317	8.63183403
17940.0	229.0	7.80531168	9.06785583
17940.0	230.0	12.5707407	3.4586997
17950.0	228.0	6.4805584	8.78869629
17950.0	229.0	7.7155838	9.16161537
17950.0	230.0	12.46979809	3.53418684
17960.0	228.0	6.30165243	8.99780846
17960.0	229.0	7.58777809	9.30142403
17960.0	230.0	12.33318615	3.65637422
17970.0	228.0	6.11960697	9.26754665
17970.0	229.0	7.44526911	9.47762966
17970.0	230.0	12.18894577	3.81946898
17980.0	228.0	5.97483349	9.46904469
17980.0	229.0	7.31974077	9.59394836
17980.0	230.0	12.06621361	3.92119884
17990.0	228.0	5.82841682	9.65780926
17990.0	229.0	7.17707062	9.7209816
17990.0	230.0	11.94194698	4.0305748
18000.0	231.0	7.16969109	8.48831367
18000.0	232.0	8.19901466	8.87977505
18000.0	233.0	12.90590477	3.12331986
18010.0	231.0	7.00211191	8.46415997
18010.0	232.0	8.0524826	8.84851551
18010.0	233.0	12.74595547	3.10276842
18020.0	231.0	6.92367649	8.42487335
18020.0	232.0	7.9794631	8.81042862
18020.0	233.0	12.6840229	3.07732582
18030.0	231.0	6.90171051	8.43673801
18030.0	232.0	7.98014259	8.81907272
18030.0	233.0	12.69607353	3.10218596
18040.0	231.0	6.87758255	8.44351482
18040.0	232.0	7.98261976	8.82061768
18040.0	233.0	12.70290184	3.12577248
18050.0	231.0	6.86237001	8.42701435
18050.0	232.0	7.98598909	8.81296921
18050.0	233.0	12.71826649	3.13208914
18060.0	231.0	6.8428359	8.41448116
18060.0	232.0	7.97707129	8.8193264
18060.0	233.0	12.71378613	3.14720273
18070.0	231.0	6.81427908	8.41517162
18070.0	232.0	7.96122837	8.84311771
18070.0	233.0	12.69648361	3.18529391
18080.0	231.0	6.805305	8.39934921
18080.0	232.0	7.94493532	8.8580904
18080.0	233.0	12.68779659	3.20195389
18090.0	231.0	6.79972124	8.37976456
18090.0	232.0	7.93037224	8.86403275
18090.0	233.0	12.67845821	3.21181726
18100.0	231.0	6.8029561	8.37229633
18100.0	232.0	7.91309977	8.86871052
18100.0	233.0	12.68369675	3.21094871
18110.0	231.0	6.79569674	8.38432407
18110.0	232.0	7.89728928	8.87344551
18110.0	233.0	12.68718433	3.2069602
18120.0	231.0	6.74255562	8.4462347
18120.0	232.0	7.87462282	8.89759541
18120.0	233.0	12.65965176	3.23414397
18130.0	231.0	6.65511513	8.566576
18130.0	232.0	7.82963037	8.95435429
18130.0	233.0	12.59661674	3.28908539
18140.0	231.0	6.53245783	8.72037888
18140.0	232.0	7.73528862	9.04448509
18140.0	233.0	12.4878931	3.36023211
18150.0	231.0	6.35717773	8.93006325
18150.0	232.0	7.61506844	9.16746235
18150.0	233.0	12.3515892	3.46746683
18160.0	231.0	6.13755322	9.20833969
18160.0	232.0	7.47516346	9.32586002
18160.0	233.0	12.20028019	3.61472368
18170.0	231.0	5.90516567	9.49564934
18170.0	232.0	7.30265951	9.48855782
18170.0	233.0	12.03586578	3.75975966
18180.0	231.0	5.73832321	9.72864437
18180.0	232.0	7.15547609	9.62633133
18180.0	233.0	11.89854431	3.87959337
18190.0	231.0	5.56995296	9.92236233
18190.0	232.0	7.00723076	9.72363853
18190.0	233.0	11.76228619	3.96440554
18200.0	234.0	7.16535282	8.49780941
18200.0	235.0	8.20966148	8.8914957
18200.0	236.0	12.9117651	3.13571525
18210.0	234.0	7.01890421	8.46080589
18210.0	235.0	8.07244587	8.85476303
18210.0	236.0	12.7737751	3.10973454
18220.0	234.0	6.92551231	8.41739845
18220.0	235.0	8.00240993	8.8083086
18220.0	236.0	12.71618843	3.07937002
18230.0	234.0	6.88839483	8.42220688
18230.0	235.0	7.99409914	8.80895329
18230.0	236.0	12.71326351	3.10080624
18240.0	234.0	6.87139893	8.4128809
18240.0	235.0	7.99255753	8.80627251
18240.0	236.0	12.7224741	3.11253071
18250.0	234.0	6.8536644	8.40160751
18250.0	235.0	7.98563433	8.81342316
18250.0	236.0	12.71827316	3.12864447
18260.0	234.0	6.82385778	8.39939117
18260.0	235.0	7.96913433	8.83487034
18260.0	236.0	12.70053577	3.16434097
18270.0	234.0	6.81368256	8.38302231
18270.0	235.0	7.95106554	8.85044765
18270.0	236.0	12.68937778	3.1821003
18280.0	234.0	6.80809879	8.36343861
18280.0	235.0	7.93650246	8.85638905
18280.0	236.0	12.68003845	3.19196367
18290.0	234.0	6.81164837	8.35659027
18290.0	235.0	7.91993999	8.86145687
18290.0	236.0	12.68555355	3.1911881
18300.0	234.0	6.80268097	8.3708992
18300.0	235.0	7.90302467	8.86742306
18300.0	236.0	12.68859959	3.18828011
18310.0	234.0	6.74771404	8.42811203
18310.0	235.0	7.87890768	8.88681602
18310.0	236.0	12.66078568	3.21135664
18320.0	234.0	6.67134619	8.52911282
18320.0	235.0	7.84250641	8.92760563
18320.0	236.0	12.60551357	3.25157332
18330.0	234.0	6.563941	8.66679859
18330.0	235.0	7.75408936	9.00737381
18330.0	236.0	12.50393486	3.31240773
18340.0	234.0	6.38154602	8.85720348
18340.0	235.0	7.61560202	9.12687778
18340.0	236.0	12.34673882	3.41385412
18350.0	234.0	6.15983391	9.08411121
18350.0	235.0	7.47402763	9.25252438
18350.0	236.0	12.19567204	3.52459741
18360.0	234.0	5.90729332	9.3181076
18360.0	235.0	7.27745199	9.3795166
18360.0	236.0	12.00652504	3.63281751
18370.0	234.0	5.67673492	9.5638895
18370.0	235.0	7.10498285	9.53059101
18370.0	236.0	11.8433094	3.7658577
18380.0	234.0	5.46531105	9.77079964
18380.0	235.0	6.94091034	9.65005016
18380.0	236.0	11.69265366	3.86905384
18390.0	234.0	5.24760246	9.93350315
18390.0	235.0	6.77773571	9.72185612
18390.0	236.0	11.54199886	3.93170261
18400.0	237.0	7.25685215	8.58555603
18400.0	238.0	8.27030182	8.96138668
18400.0	239.0	13.01493835	3.24497819
18410.0	237.0	7.05018997	8.54244423
18410.0	238.0	8.09907627	8.93027115
18410.0	239.0	12.82898712	3.22483253
18420.0	237.0	6.87667847	8.46698952
18420.0	238.0	7.96064043	8.86317062
18420.0	239.0	12.66752052	3.16227674
18430.0	237.0	6.84578514	8.45140839
18430.0	238.0	7.95225763	8.85751915
18430.0	239.0	12.6653986	3.17184901
18440.0	237.0	6.83215904	8.42123795
18440.0	238.0	7.95009327	8.85093403
18440.0	239.0	12.66980934	3.16979146
18450.0	237.0	6.80149603	8.40697956
18450.0	238.0	7.93170786	8.87341785
18450.0	239.0	12.64985275	3.20437098
18460.0	237.0	6.78975916	8.38607883
18460.0	238.0	7.91298294	8.8895998
18460.0	239.0	12.63604355	3.22279716
18470.0	237.0	6.78279877	8.36626816
18470.0	238.0	7.89807463	8.89560127
18470.0	239.0	12.6263113	3.23288989
18480.0	237.0	6.78634787	8.35941982
18480.0	238.0	7.88151217	8.9006691
18480.0	239.0	12.6318264	3.23211432
18490.0	237.0	6.77145004	8.36581612
18490.0	238.0	7.85771847	8.90158272
18490.0	239.0	12.62749863	3.22340798
18500.0	237.0	6.73835039	8.38779545
18500.0	238.0	7.85073423	8.89192867
18500.0	239.0	12.61681271	3.21529341
18510.0	237.0	6.69884825	8.425354
18510.0	238.0	7.85399294	8.87796497
18510.0	239.0	12.59971809	3.20094013
18520.0	237.0	6.66251326	8.48869514
18520.0	238.0	7.83283854	8.88692951
18520.0	239.0	12.56596947	3.19155478
18530.0	237.0	6.57152748	8.58275032
18530.0	238.0	7.79551268	8.91194725
18530.0	239.0	12.50769901	3.19899845
18540.0	237.0	6.37463236	8.74933052
18540.0	238.0	7.66269922	8.97336388
18540.0	239.0	12.36301994	3.25006127
18550.0	237.0	6.151546	8.95438957
18550.0	238.0	7.47863388	9.08869171
18550.0	239.0	12.18757915	3.34788799
18560.0	237.0	5.92969131	9.1402483
18560.0	238.0	7.30037785	9.17416191
18560.0	239.0	12.0154686	3.42605948
18570.0	237.0	5.6999054	9.30557632
18570.0	238.0	7.09956837	9.26199818
18570.0	239.0	11.82819653	3.5028646
18580.0	237.0	5.46285534	9.47634697
18580.0	238.0	6.88753271	9.35496712
18580.0	239.0	11.62812996	3.58830571
18590.0	237.0	5.25586557	9.56993198
18590.0	238.0	6.70884418	9.39872456
18590.0	239.0	11.45803833	3.6284523
18600.0	240.0	7.14467716	8.49575615
18600.0	241.0	8.2050209	8.89872837
18600.0	242.0	12.90979862	3.14815092
18610.0	240.0	6.98928022	8.45397854
18610.0	241.0	8.06925964	8.86817551
18610.0	242.0	12.7665844	3.1242075
18620.0	240.0	6.89217472	8.39073563
18620.0	241.0	7.98829699	8.81852913
18620.0	242.0	12.68594933	3.07565427
18630.0	240.0	6.87120676	8.35951996
18630.0	241.0	7.98457861	8.81877232
18630.0	242.0	12.68413734	3.08087301
18640.0	240.0	6.8505435	8.33818436
18640.0	241.0	7.97352123	8.83361244
18640.0	242.0	12.6735363	3.10647178
18650.0	240.0	6.83696318	8.31372643
18650.0	241.0	7.9522891	8.85093403
18650.0	242.0	12.65760326	3.12370706
18660.0	240.0	6.82877922	8.29389286
18660.0	241.0	7.9359889	8.85938835
18660.0	242.0	12.64665031	3.13593531
18670.0	240.0	6.83214617	8.28747463
18670.0	241.0	7.91935921	8.86522579
18670.0	242.0	12.65251637	3.13581347
18680.0	240.0	6.81724882	8.29387093
18680.0	241.0	7.89556503	8.86613941
18680.0	242.0	12.64818859	3.12710714
18690.0	240.0	6.78424311	8.3154583
18690.0	241.0	7.88846111	8.85648441
18690.0	242.0	12.63770771	3.11860824
18700.0	240.0	6.74511433	8.35234356
18700.0	241.0	7.89168692	8.84245014
18700.0	242.0	12.62109566	3.10333753
18710.0	240.0	6.71012545	8.41305161
18710.0	241.0	7.87221718	8.84889412
18710.0	242.0	12.59005547	3.09043455
18720.0	240.0	6.63085556	8.50210857
18720.0	241.0	7.84095049	8.86814308
18720.0	242.0	12.53744316	3.09163022
18730.0	240.0	6.44843674	8.64480877
18730.0	241.0	7.72509861	8.91985989
18730.0	242.0	12.40950394	3.13411045
18740.0	240.0	6.2453804	8.81881332
18740.0	241.0	7.55903864	9.02237129
18740.0	242.0	12.25226021	3.21917176
18750.0	240.0	6.0280056	8.98130226
18750.0	241.0	7.39039803	9.11497307
18750.0	242.0	12.09048653	3.29937816
18760.0	240.0	5.77417803	9.16419601
18760.0	241.0	7.1914649	9.2272501
18760.0	242.0	11.89811611	3.41393232
18770.0	240.0	5.50812006	9.38423729
18770.0	241.0	6.98532295	9.37683201
18770.0	242.0	11.69761181	3.5737133
18780.0	240.0	5.29773188	9.54085064
18780.0	241.0	6.82710552	9.47804546
18780.0	242.0	11.5535183	3.68283916
18790.0	240.0	5.09760284	9.66334248
18790.0	241.0	6.68245983	9.5639143
18790.0	242.0	11.41840744	3.7757504
18800.0	243.0	7.13539076	8.50828075
18800.0	244.0	8.20984459	8.90510464
18800.0	245.0	12.9021616	3.14982724
18810.0	243.0	7.00811577	8.47192764
18810.0	244.0	8.08260632	8.88712215
18810.0	245.0	12.77447987	3.13609099
18820.0	243.0	6.92008114	8.39996719
18820.0	244.0	8.00504017	8.85400009
18820.0	245.0	12.69657993	3.10203981
18830.0	243.0	6.90211248	8.36920547
18830.0	244.0	8.00012207	8.86510849
18830.0	245.0	12.69182682	3.11883593
18840.0	243.0	6.89174986	8.33633423
18840.0	244.0	7.98689461	8.87141323
18840.0	245.0	12.68726349	3.12320709
18850.0	243.0	6.88305616	8.3171978
18850.0	244.0	7.97136593	8.87991428
18850.0	245.0	12.67602539	3.13370061
18860.0	243.0	6.8848176	8.30853748
18860.0	244.0	7.95491028	8.88508797
18860.0	245.0	12.68230247	3.13309097
18870.0	243.0	6.86912727	8.31505489
18870.0	244.0	7.93120003	8.88648891
18870.0	245.0	12.67821884	3.12481546
18880.0	243.0	6.83612156	8.33664227
18880.0	244.0	7.92409611	8.87683392
18880.0	245.0	12.66773701	3.11631656
18890.0	243.0	6.79642105	8.37303543
18890.0	244.0	7.92709112	8.86215878
18890.0	245.0	12.65059757	3.10010982
18900.0	243.0	6.76372766	8.42927647
18900.0	244.0	7.91025782	8.86225986
18900.0	245.0	12.62194824	3.08128595
18910.0	243.0	6.69517708	8.50949764
18910.0	244.0	7.89289951	8.87406445
18910.0	245.0	12.5870018	3.07429934
18920.0	243.0	6.53399944	8.64424038
18920.0	244.0	7.81143427	8.9143877
18920.0	245.0	12.49499798	3.10473752
18930.0	243.0	6.35077286	8.80948925
18930.0	244.0	7.68636274	8.99827766
18930.0	245.0	12.37767792	3.18050933
18940.0	243.0	6.18669415	8.94943333
18940.0	244.0	7.57379389	9.05817604
18940.0	245.0	12.27420807	3.24775791
18950.0	243.0	5.95555782	9.09180546
18950.0	244.0	7.42116261	9.1227026
18950.0	245.0	12.11735916	3.33492136
18960.0	243.0	5.66420364	9.30731869
18960.0	244.0	7.20950222	9.26291275
18960.0	245.0	11.90178204	3.50782871
18970.0	243.0	5.43876266	9.49168968
18970.0	244.0	7.04240417	9.39991474
18970.0	245.0	11.73783207	3.69352055
18980.0	243.0	5.26167965	9.62561321
18980.0	244.0	6.91792583	9.50107288
18980.0	245.0	11.61021709	3.84793568
18990.0	243.0	5.08563662	9.75224113
18990.0	244.0	6.78593969	9.58955574
18990.0	245.0	11.47463036	3.99822855
19000.0	246.0	7.14506197	8.52290535
19000.0	247.0	8.21969128	8.94866371
19010.0	246.0	7.01690388	8.47047329
19010.0	247.0	8.05949879	8.93818378
19020.0	246.0	6.91456079	8.38348961
19020.0	247.0	7.95570183	8.89076042
19030.0	246.0	6.89653921	8.32522202
19030.0	247.0	7.93961048	8.89916229
19040.0	246.0	6.8686409	8.27419949
19040.0	247.0	7.91887426	8.91616821
19050.0	246.0	6.84840775	8.25072384
19050.0	247.0	7.89719391	8.92708778
19060.0	246.0	6.82768631	8.23242283
19060.0	247.0	7.87502337	8.92431736
19070.0	246.0	6.79157734	8.22871971
19070.0	247.0	7.85994577	8.91935539
19080.0	246.0	6.76711845	8.20528603
19080.0	247.0	7.83458328	8.89979839
19090.0	246.0	6.75472355	8.19921112
19090.0	247.0	7.81587648	8.88130856
19100.0	246.0	6.74620962	8.19265366
19100.0	247.0	7.8103199	8.85551548
19110.0	246.0	6.71255398	8.20935822
19110.0	247.0	7.78981543	8.83116245
19120.0	246.0	6.67788219	8.22808456
19120.0	247.0	7.77767229	8.80603695
19130.0	246.0	6.64347696	8.24504662
19130.0	247.0	7.76405144	8.79086971
19140.0	246.0	6.5706954	8.2837553
19140.0	247.0	7.71125937	8.80448055
19150.0	246.0	6.45334005	8.35207176
19150.0	247.0	7.61779976	8.85340118
19160.0	246.0	6.29516602	8.45350647
19160.0	247.0	7.48037338	8.93844128
19170.0	246.0	6.10886049	8.60478973
19170.0	247.0	7.33106995	9.0779438
19180.0	246.0	5.96691227	8.72894001
19180.0	247.0	7.22305202	9.18980503
19190.0	246.0	5.79562759	8.81992626
19190.0	247.0	7.09205294	9.277565
19200.0	248.0	7.15653706	8.50107002
19200.0	249.0	8.20514011	8.9023447
19210.0	248.0	7.03376389	8.45853519
19210.0	249.0	8.07052803	8.87840557
19220.0	248.0	6.95587683	8.3782959
19220.0	249.0	7.98335981	8.83876038
19230.0	248.0	6.93650723	8.33565903
19230.0	249.0	7.9592967	8.84247208
19240.0	248.0	6.91435528	8.3129015
19240.0	249.0	7.93884039	8.84571362
19250.0	248.0	6.88690424	8.30805111
19250.0	249.0	7.91170168	8.84709072
19260.0	248.0	6.85197115	8.30941486
19260.0	249.0	7.89546728	8.84212685
19270.0	248.0	6.82796335	8.28565884
19270.0	249.0	7.86966658	8.82264042
19280.0	248.0	6.81556845	8.27958393
19280.0	249.0	7.8509593	8.80415058
19290.0	248.0	6.80705452	8.27302647
19290.0	249.0	7.84540319	8.77835751
19300.0	248.0	6.77339888	8.28973103
19300.0	249.0	7.82489824	8.75400448
19310.0	248.0	6.74010324	8.30570507
19310.0	249.0	7.81357956	8.72561264
19320.0	248.0	6.71086884	8.32183743
19320.0	249.0	7.80269623	8.70674038
19330.0	248.0	6.64690399	8.35734463
19330.0	249.0	7.75904322	8.71605206
19340.0	248.0	6.53435516	8.42420578
19340.0	249.0	7.67110872	8.76034832
19350.0	248.0	6.38040257	8.52635002
19350.0	249.0	7.5407753	8.84216881
19360.0	248.0	6.17995834	8.68798542
19360.0	249.0	7.35718822	8.99355602
19370.0	248.0	5.99985361	8.87522602
19370.0	249.0	7.1916976	9.17142296
19380.0	248.0	5.85739899	8.9822216
19380.0	249.0	7.06236458	9.28386402
19390.0	248.0	5.68433571	9.07515621
19390.0	249.0	6.89497757	9.39581013
19400.0	250.0	7.0191102	8.29912472
19400.0	251.0	8.18879318	8.89194775
19410.0	250.0	6.90350676	8.25200939
19410.0	251.0	8.05572605	8.86729145
19420.0	250.0	6.81237078	8.18602753
19420.0	251.0	7.96124744	8.823596
19430.0	250.0	6.79927635	8.16674709
19430.0	251.0	7.94414234	8.82108879
19440.0	250.0	6.76123238	8.17921829
19440.0	251.0	7.91923666	8.81969643
19450.0	250.0	6.71016169	8.20302773
19450.0	251.0	7.89742947	8.81930542
19460.0	250.0	6.68211412	8.18703842
19460.0	251.0	7.8691926	8.80010986
19470.0	250.0	6.66944551	8.18634605
19470.0	251.0	7.85063744	8.78343391
19480.0	250.0	6.66143703	8.18273163
19480.0	251.0	7.84518003	8.75862217
19490.0	250.0	6.62820721	8.19822216
19490.0	251.0	7.82485104	8.73333645
19500.0	250.0	6.59621954	8.21334839
19500.0	251.0	7.81518888	8.70386982
19510.0	250.0	6.56977367	8.22352123
19510.0	251.0	7.80521822	8.67749977
19520.0	250.0	6.53824329	8.24086094
19520.0	251.0	7.78935862	8.66585541
19530.0	250.0	6.47403049	8.26651287
19530.0	251.0	7.74982262	8.67341709
19540.0	250.0	6.34550333	8.33057213
19540.0	251.0	7.64743567	8.72568035
19550.0	250.0	6.1638732	8.45066452
19550.0	251.0	7.50436878	8.84115887
19560.0	250.0	5.9670887	8.60983372
19560.0	251.0	7.31407833	9.00378895
19570.0	250.0	5.77876472	8.76139832
19570.0	251.0	7.12654114	9.17275429
19580.0	250.0	5.62085724	8.84102726
19580.0	251.0	6.9838748	9.25139809
19590.0	250.0	5.42837477	8.88921165
19590.0	251.0	6.78446484	9.30253601
19600.0	252.0	6.9977541	8.16569042
19600.0	253.0	8.21602535	8.93118191
19610.0	252.0	6.90206766	8.16072369
19610.0	253.0	8.10469151	8.92962742
19620.0	252.0	6.85306263	8.12931347
19620.0	253.0	8.0368681	8.90418148
19630.0	252.0	6.87187243	8.11917686
19630.0	253.0	8.05426025	8.89613724
19640.0	252.0	6.85269022	8.12926197
19640.0	253.0	8.05730247	8.8854723
19650.0	252.0	6.83840322	8.12187386
19650.0	253.0	8.04675865	8.87100506
19660.0	252.0	6.82776642	8.11456776
19660.0	253.0	8.03506851	8.84408665
19670.0	252.0	6.81776476	8.11282825
19670.0	253.0	8.03331757	8.80706978
19680.0	252.0	6.7792716	8.13159943
19680.0	253.0	8.00635815	8.78046227
19690.0	252.0	6.74888229	8.14609528
19690.0	253.0	7.99416876	8.74973011
19700.0	252.0	6.72202301	8.15652657
19700.0	253.0	7.98272705	8.72308922
19710.0	252.0	6.69759369	8.16944122
19710.0	253.0	7.96895838	8.70739079
19720.0	252.0	6.65174437	8.19204044
19720.0	253.0	7.94879341	8.70585442
19730.0	252.0	6.5453167	8.25191689
19730.0	253.0	7.87374306	8.74878883
19740.0	252.0	6.35453129	8.36900902
19740.0	253.0	7.72614574	8.85916328
19750.0	252.0	6.16849756	8.50838947
19750.0	253.0	7.54513359	9.00157261
19760.0	252.0	5.96164131	8.65136433
19760.0	253.0	7.32857418	9.15810776
19770.0	252.0	5.76300669	8.80095387
19770.0	253.0	7.1184144	9.3132019
19780.0	252.0	5.59298134	8.86116982
19780.0	253.0	6.92222309	9.38319302
19790.0	252.0	5.41738176	8.87628651
19790.0	253.0	6.70733643	9.42973804
19800.0	254.0	7.14271545	7.98655796
19800.0	255.0	8.20379162	8.92395687
19810.0	254.0	7.00654221	7.97848749
19810.0	255.0	8.0868187	8.90800953
19820.0	254.0	6.89274311	7.94638681
19820.0	255.0	7.97614956	8.86036205
19830.0	254.0	6.84617376	7.96234751
19830.0	255.0	7.95752954	8.86227036
19840.0	254.0	6.84768248	7.94681787
19840.0	255.0	7.95320797	8.83631516
19850.0	254.0	6.83896446	7.94592047
19850.0	255.0	7.93416548	8.81303215
19860.0	254.0	6.82460451	7.9524169
19860.0	255.0	7.92573118	8.79134464
19870.0	254.0	6.7969532	7.97363949
19870.0	255.0	7.9068079	8.77081394
19880.0	254.0	6.76712847	7.99100828
19880.0	255.0	7.89721823	8.74896622
19890.0	254.0	6.74415016	7.99967575
19890.0	255.0	7.89269638	8.72251892
19900.0	254.0	6.71906805	8.01273155
19900.0	255.0	7.87897301	8.70697308
19910.0	254.0	6.67327166	8.02663612
19910.0	255.0	7.85694981	8.69836521
19920.0	254.0	6.57785606	8.06220818
19920.0	255.0	7.79456615	8.71858883
19930.0	254.0	6.40207195	8.15505219
19930.0	255.0	7.66256428	8.80015564
19940.0	254.0	6.20315361	8.27742004
19940.0	255.0	7.46711111	8.92390919
19950.0	254.0	5.98461914	8.39144993
19950.0	255.0	7.23617077	9.06098366
19960.0	254.0	5.73715782	8.52027702
19960.0	255.0	6.97969389	9.20606518
19970.0	254.0	5.51695013	8.58795547
19970.0	255.0	6.74481487	9.27588558
19980.0	254.0	5.31393003	8.62341595
19980.0	255.0	6.49175024	9.33499813
19990.0	254.0	5.0876441	8.67843533
19990.0	255.0	6.22968626	9.40523529
20000.0	256.0	7.18727446	7.8305335
20000.0	257.0	8.16344261	8.86882401
20010.0	256.0	7.03977251	7.78811121
20010.0	257.0	8.05574036	8.81295013
20020.0	256.0	6.94721031	7.7420907
20020.0	257.0	8.01449585	8.75478458
20030.0	256.0	6.92340803	7.75407171
20030.0	257.0	8.00328922	8.73731899
20040.0	256.0	6.91336203	7.7815218
20040.0	257.0	7.98803473	8.72943497
20050.0	256.0	6.90289259	7.79966974
20050.0	257.0	7.97884083	8.70475483
20060.0	256.0	6.87391901	7.82112837
20060.0	257.0	7.94991922	8.68299103
20070.0	256.0	6.84098816	7.84879875
20070.0	257.0	7.9374795	8.67269897
20080.0	256.0	6.81780005	7.85777235
20080.0	257.0	7.9193697	8.64955044
20090.0	256.0	6.79247046	7.87255526
20090.0	257.0	7.90301037	8.64057159
20100.0	256.0	6.74661064	7.88660288
20100.0	257.0	7.88157654	8.63103199
20110.0	256.0	6.65512466	7.92074966
20110.0	257.0	7.82147884	8.64861012
20120.0	256.0	6.49203682	8.01206493
20120.0	257.0	7.69704628	8.72693157
20130.0	256.0	6.29236412	8.1307869
20130.0	257.0	7.50502682	8.84615707
20140.0	256.0	6.08226728	8.23871422
20140.0	257.0	7.27821541	8.9774704
20150.0	256.0	5.8552289	8.32671738
20150.0	257.0	7.03073406	9.10356712
20160.0	256.0	5.63652134	8.34547901
20160.0	257.0	6.7850132	9.16961861
20170.0	256.0	5.43597174	8.36797905
20170.0	257.0	6.51551342	9.25941944
20180.0	256.0	5.23768044	8.41693974
20180.0	257.0	6.26244068	9.35203362
20190.0	256.0	5.04817533	8.43020058
20190.0	257.0	6.03908825	9.37853813
20200.0	258.0	7.23286295	7.88636112
20200.0	259.0	8.19640064	8.904356
20210.0	258.0	7.05913687	7.86904812
20210.0	259.0	8.05674648	8.8674078
20220.0	258.0	6.9658699	7.81196833
20220.0	259.0	7.95697594	8.79377365
20230.0	258.0	6.95416451	7.79969358
20230.0	259.0	7.9344449	8.75978088
20240.0	258.0	6.9471426	7.7953186
20240.0	259.0	7.91400385	8.71993065
20250.0	258.0	6.91691017	7.80597305
20250.0	259.0	7.88889456	8.69571877
20260.0	258.0	6.87832069	7.82555437
20260.0	259.0	7.87201977	8.67864132
20270.0	258.0	6.85552025	7.83345938
20270.0	259.0	7.85611439	8.65301418
20280.0	258.0	6.8299408	7.84801435
20280.0	259.0	7.83852148	8.6433239
20290.0	258.0	6.78400087	7.86199141
20290.0	259.0	7.81682396	8.63399506
20300.0	258.0	6.69256067	7.89611101
20300.0	259.0	7.75692797	8.65132999
20310.0	258.0	6.53211689	7.9849577
20310.0	259.0	7.63397837	8.72753239
20320.0	258.0	6.33652067	8.09972286
20320.0	259.0	7.44727135	8.84260941
20330.0	258.0	6.12830639	8.20887566
20330.0	259.0	7.22684526	8.97050381
20340.0	258.0	5.91024399	8.30117702
20340.0	259.0	6.98923683	9.09205914
20350.0	258.0	5.71478128	8.32723618
20350.0	259.0	6.75966072	9.15338135
20360.0	258.0	5.54192066	8.38792419
20360.0	259.0	6.51040363	9.26216698
20370.0	258.0	5.35866261	8.5156498
20370.0	259.0	6.2698946	9.41756248
20380.0	258.0	5.23453188	8.56435108
20380.0	259.0	6.08941412	9.47312832
20390.0	258.0	5.11981773	8.58956718
20390.0	259.0	5.93306637	9.50245762
20400.0	260.0	-5.15893984	6.35824347
20400.0	261.0	-5.43693781	7.28843212
20410.0	260.0	-4.9131465	6.39279938
20410.0	261.0	-5.22619534	7.31348467
20420.0	260.0	-4.61916542	6.3866868
20420.0	261.0	-4.9752059	7.28271008
20430.0	260.0	-4.24838448	6.36092567
20430.0	261.0	-4.66016674	7.24315929
20440.0	260.0	-3.90403271	6.30812693
20440.0	261.0	-4.36750555	7.17433119
20450.0	260.0	-3.5344305	6.19681787
20450.0	261.0	-4.06046629	7.06295586
20460.0	260.0	-3.20035172	6.06698799
20460.0	261.0	-3.77136278	6.93300724
20470.0	260.0	-2.84383368	5.91424656
20470.0	261.0	-3.46811962	6.7869215
20480.0	260.0	-2.47066236	5.76265812
20480.0	261.0	-3.13893986	6.63648415
20490.0	260.0	-2.07528853	5.62060261
20490.0	261.0	-2.77422619	6.49108219
20500.0	260.0	-1.63926625	5.46019268
20500.0	261.0	-2.35598159	6.32154369
20510.0	260.0	-1.16231394	5.33242083
20510.0	261.0	-1.86684895	6.19640827
20520.0	260.0	-0.61218596	5.2141242
20520.0	261.0	-1.26640177	6.08374023
20530.0	260.0	-0.0129056	5.1044445
20530.0	261.0	-0.57422876	5.99880838
20540.0	260.0	0.64710474	5.02024698
20540.0	261.0	0.19207382	5.94986391
20550.0	260.0	1.35074568	4.950212
20550.0	261.0	0.99332237	5.92657518
20560.0	260.0	2.0141778	4.95820951
20560.0	261.0	1.74884224	6.00783205
20570.0	260.0	2.7178688	4.93200731
20570.0	261.0	2.53600025	6.06447935
20580.0	260.0	3.43458891	4.87933588
20580.0	261.0	3.32022762	6.07681513
20590.0	260.0	4.04392195	4.87072229
20590.0	261.0	3.96890354	6.1169486
20600.0	262.0	7.16752052	8.02503109
20600.0	263.0	13.10956001	5.1316452
20610.0	262.0	6.89118576	7.92609501
20610.0	263.0	12.79142666	4.92653275
20620.0	262.0	6.66505861	7.74570942
20620.0	263.0	12.49554634	4.62616825
20630.0	262.0	6.61813974	7.67210817
20630.0	263.0	12.38335896	4.46480322
20640.0	262.0	6.57043648	7.58953714
20640.0	263.0	12.26136589	4.28884506
20650.0	262.0	6.5258503	7.51114655
20650.0	263.0	12.14491463	4.11747837
20660.0	262.0	6.48985052	7.42134571
20660.0	263.0	12.02269173	3.94473314
20670.0	262.0	6.4436245	7.33455133
20670.0	263.0	11.90180874	3.78300714
20680.0	262.0	6.39474392	7.26062107
20680.0	263.0	11.77313709	3.63751984
20690.0	262.0	6.3509779	7.18498087
20690.0	263.0	11.63849163	3.49243927
20700.0	262.0	6.28587389	7.12401772
20700.0	263.0	11.4749279	3.35112691
20710.0	262.0	6.18107557	7.09985733
20710.0	263.0	11.2764883	3.2284143
20720.0	262.0	5.99546957	7.13592434
20720.0	263.0	11.00572205	3.1419754
20730.0	262.0	5.74004793	7.23355961
20730.0	263.0	10.65278053	3.09836292
20740.0	262.0	5.43264961	7.36635494
20740.0	263.0	10.252038	3.05104733
20750.0	262.0	5.13642597	7.46882629
20750.0	263.0	9.85015106	2.93220234
20760.0	262.0	4.81221342	7.53803587
20760.0	263.0	9.40973473	2.76542878
20770.0	262.0	4.52473259	7.58391905
20770.0	263.0	8.93449974	2.57974482
20780.0	262.0	4.2819581	7.57869244
20780.0	263.0	8.4543972	2.35990882
20790.0	262.0	4.00758743	7.59844255
20790.0	263.0	7.95157814	2.20591259
20800.0	264.0	7.04261065	8.03356457
20800.0	265.0	12.4386282	4.90357018
20800.0	266.0	14.00905418	5.51519251
20810.0	264.0	6.72880554	7.93302345
20810.0	265.0	12.04286003	4.69000864
20810.0	266.0	13.62961864	5.31830645
20820.0	264.0	6.46630621	7.71617603
20820.0	265.0	11.6751194	4.35380936
20820.0	266.0	13.28107548	5.00507879
20830.0	264.0	6.4465065	7.67067575
20830.0	265.0	11.60057163	4.23303175
20830.0	266.0	13.21151924	4.88963604
20840.0	264.0	6.41188955	7.58156061
20840.0	265.0	11.51924992	4.04844046
20840.0	266.0	13.14140606	4.70674706
20850.0	264.0	6.40496922	7.50019169
20850.0	265.0	11.45407009	3.87596464
20850.0	266.0	13.08870602	4.5371294
20860.0	264.0	6.38657188	7.40535975
20860.0	265.0	11.37430859	3.71092701
20860.0	266.0	13.02287388	4.37323999
20870.0	264.0	6.35532475	7.32284451
20870.0	265.0	11.27601624	3.57339406
20870.0	266.0	12.94690228	4.23099566
20880.0	264.0	6.31546116	7.25039101
20880.0	265.0	11.16343784	3.44608188
20880.0	266.0	12.87757587	4.09769344
20890.0	264.0	6.26116467	7.18064165
20890.0	265.0	11.03015804	3.32209158
20890.0	266.0	12.78264809	3.9599514
20900.0	264.0	6.18962955	7.11349487
20900.0	265.0	10.89245033	3.20080018
20900.0	266.0	12.67438412	3.82043719
20910.0	264.0	6.09906578	7.06719398
20910.0	265.0	10.72573662	3.0968678
20910.0	266.0	12.52504349	3.69001818
20920.0	264.0	5.97123384	7.07966805
20920.0	265.0	10.49078465	3.04399872
20920.0	266.0	12.30708694	3.62395763
20930.0	264.0	5.74698591	7.14698792
20930.0	265.0	10.16800022	3.02176142
20930.0	266.0	11.97191811	3.60171795
20940.0	264.0	5.46512985	7.26646709
20940.0	265.0	9.81516266	3.0184741
20940.0	266.0	11.56850529	3.63239574
20950.0	264.0	5.18881369	7.35589743
20950.0	265.0	9.45244598	2.9403801
20950.0	266.0	11.16754723	3.60746527
20960.0	264.0	4.88700485	7.43520832
20960.0	265.0	9.08504581	2.81794548
20960.0	266.0	10.76054382	3.52588511
20970.0	264.0	4.57476711	7.56695986
20970.0	265.0	8.65250301	2.70812178
20970.0	266.0	10.30508327	3.46974754
20980.0	264.0	4.33598375	7.62641811
20980.0	265.0	8.20957184	2.53404999
20980.0	266.0	9.84384346	3.37082672
20990.0	264.0	4.07893085	7.69281864
20990.0	265.0	7.72363567	2.39420867
20990.0	266.0	9.36343193	3.29976749
21000.0	267.0	6.644907	8.00687885
21000.0	268.0	11.52768993	4.6137042
21000.0	269.0	13.15014076	5.34144592
21000.0	270.0	12.86295509	6.24888992
21010.0	267.0	6.38000727	7.86773157
21010.0	268.0	11.18749332	4.38673353
21010.0	269.0	12.84990788	5.12910128
21010.0	270.0	12.5691433	6.04284382
21020.0	267.0	6.18720007	7.65616322
21020.0	268.0	10.90812206	4.0705471
21020.0	269.0	12.61266613	4.83489656
21020.0	270.0	12.34333801	5.76528311
21030.0	267.0	6.17130136	7.59795523
21030.0	268.0	10.84512615	3.93685865
21030.0	269.0	12.57111454	4.69563866
21030.0	270.0	12.30390453	5.61345291
21040.0	267.0	6.14913225	7.51901007
21040.0	268.0	10.76839638	3.77562404
21040.0	269.0	12.51940727	4.53441668
21040.0	270.0	12.24446392	5.43799686
21050.0	267.0	6.12928915	7.45077276
21050.0	268.0	10.70956612	3.62640238
21050.0	269.0	12.4755497	4.38269997
21050.0	270.0	12.1936655	5.27893829
21060.0	267.0	6.10156202	7.36535454
21060.0	268.0	10.63776588	3.47156405
21060.0	269.0	12.42578983	4.22430325
21060.0	270.0	12.14001274	5.11301088
21070.0	267.0	6.06000423	7.28427935
21070.0	268.0	10.53368187	3.32607651
21070.0	269.0	12.36911106	4.0769043
21070.0	270.0	12.08669567	4.95361423
21080.0	267.0	6.02522707	7.21877766
21080.0	268.0	10.42367458	3.20786762
21080.0	269.0	12.29880524	3.94549894
21080.0	270.0	12.01359272	4.80579519
21090.0	267.0	5.9565897	7.15644264
21090.0	268.0	10.29611969	3.09279585
21090.0	269.0	12.20127487	3.813591
21090.0	270.0	11.90344048	4.66141605
21100.0	267.0	5.87456894	7.10728502
21100.0	268.0	10.14256287	2.99158406
21100.0	269.0	12.07451153	3.68576694
21100.0	270.0	11.77169704	4.53185797
21110.0	267.0	5.78587389	7.09093189
21110.0	268.0	9.954916	2.92985058
21110.0	269.0	11.9138155	3.60142827
21110.0	270.0	11.61859989	4.44811773
21120.0	267.0	5.64375925	7.11847925
21120.0	268.0	9.7025938	2.88576698
21120.0	269.0	11.66561127	3.54815531
21120.0	270.0	11.37012863	4.3915267
21130.0	267.0	5.41708183	7.20018339
21130.0	268.0	9.37979794	2.86901522
21130.0	269.0	11.310009	3.55719018
21130.0	270.0	11.00434208	4.40356827
21140.0	267.0	5.13434172	7.30921888
21140.0	268.0	9.04031849	2.83401966
21140.0	269.0	10.91514778	3.5790689
21140.0	270.0	10.59442139	4.42594862
21150.0	267.0	4.8914423	7.38766956
21150.0	268.0	8.71131897	2.71604347
21150.0	269.0	10.54108238	3.51574183
21150.0	270.0	10.20176697	4.36022472
21160.0	267.0	4.54375648	7.50902033
21160.0	268.0	8.32139492	2.58219647
21160.0	269.0	10.10656548	3.43656397
21160.0	270.0	9.74429703	4.27339792
21170.0	267.0	4.22755146	7.66304493
21170.0	268.0	7.89087772	2.44316864
21170.0	269.0	9.67209721	3.35923624
21170.0	270.0	9.28129673	4.18344498
21180.0	267.0	4.02665138	7.71098614
21180.0	268.0	7.47146797	2.21216154
21180.0	269.0	9.24738598	3.21114016
21180.0	270.0	8.8216629	4.02665138
21190.0	267.0	3.79243684	7.76322269
21190.0	268.0	6.99293709	2.04243612
21190.0	269.0	8.77695465	3.10817981
21190.0	270.0	8.31445312	3.92122507
21200.0	271.0	6.23894835	7.93617201
21200.0	272.0	12.31288147	5.07036304
21200.0	273.0	11.93768406	6.21472788
21210.0	271.0	5.96561193	7.78028965
21210.0	272.0	11.99715805	4.85085917
21210.0	273.0	11.68803883	6.01122427
21220.0	271.0	5.7603054	7.54336786
21220.0	272.0	11.74636841	4.54322052
21220.0	273.0	11.4931612	5.73103714
21230.0	271.0	5.73135567	7.4750247
21230.0	272.0	11.70173645	4.40493393
21230.0	273.0	11.44502926	5.58385086
21240.0	271.0	5.71869183	7.39255381
21240.0	272.0	11.64624119	4.24352312
21240.0	273.0	11.3876915	5.41263485
21250.0	271.0	5.69607496	7.31771898
21250.0	272.0	11.59168243	4.08883429
21250.0	273.0	11.33840561	5.25042343
21260.0	271.0	5.66192532	7.23250008
21260.0	272.0	11.52126026	3.92747903
21260.0	273.0	11.2652235	5.07982349
21270.0	271.0	5.61460686	7.17036629
21270.0	272.0	11.43394375	3.79527783
21270.0	273.0	11.17300415	4.93931007
21280.0	271.0	5.57032347	7.12296391
21280.0	272.0	11.35302067	3.67643404
21280.0	273.0	11.08530426	4.80921459
21290.0	271.0	5.53201056	7.06384897
21290.0	272.0	11.25570297	3.54441977
21290.0	273.0	10.98759937	4.67109251
21300.0	271.0	5.48176718	7.00022316
21300.0	272.0	11.12483692	3.41873646
21300.0	273.0	10.86981678	4.53973484
21310.0	271.0	5.41023731	6.93677139
21310.0	272.0	10.94354534	3.30784512
21310.0	273.0	10.69599819	4.41912699
21320.0	271.0	5.30135918	6.89783859
21320.0	272.0	10.70073509	3.2354064
21320.0	273.0	10.45344162	4.34382343
21330.0	271.0	5.10348988	6.9159708
21330.0	272.0	10.37192249	3.19498253
21330.0	273.0	10.1230669	4.30061483
21340.0	271.0	4.86201143	6.97805023
21340.0	272.0	10.0046711	3.16739225
21340.0	273.0	9.74466705	4.26549244
21350.0	271.0	4.61326504	7.0371294
21350.0	272.0	9.63648987	3.09081364
21350.0	273.0	9.35198784	4.1862607
21360.0	271.0	4.31422138	7.15021038
21360.0	272.0	9.23764706	2.98392272
21360.0	273.0	8.9341507	4.06827497
21370.0	271.0	4.02608299	7.3161521
21370.0	272.0	8.81600094	2.87466097
21370.0	273.0	8.47733212	3.94989538
21380.0	271.0	3.83675909	7.40007687
21380.0	272.0	8.36242771	2.70670033
21380.0	273.0	7.98740673	3.77128935
21390.0	271.0	3.61113214	7.46890163
21390.0	272.0	7.89941168	2.55740619
21390.0	273.0	7.47177458	3.61603522
21400.0	274.0	-4.29987574	7.93644333
21400.0	275.0	-3.08469248	5.30123377
21400.0	276.0	-3.3381238	4.29812288
21410.0	274.0	-4.47201252	7.90709257
21410.0	275.0	-2.84798598	5.30082035
21410.0	276.0	-3.06783557	4.31300306
21420.0	274.0	-4.59957647	7.86992836
21420.0	275.0	-2.56204271	5.27600479
21420.0	276.0	-2.75609016	4.30682135
21430.0	274.0	-4.64933729	7.88049507
21430.0	275.0	-2.21176577	5.24630785
21430.0	276.0	-2.3822031	4.30285645
21440.0	274.0	-4.70419836	7.88954163
21440.0	275.0	-1.89591825	5.18387747
21440.0	276.0	-2.07534552	4.27363253
21450.0	274.0	-4.75793552	7.90248299
21450.0	275.0	-1.5499227	5.08375931
21450.0	276.0	-1.76807964	4.22939491
21460.0	274.0	-4.80452585	7.91314697
21460.0	275.0	-1.21914983	4.99240446
21460.0	276.0	-1.49834955	4.19286251
21470.0	274.0	-4.85413074	7.9230094
21470.0	275.0	-0.89312673	4.90414333
21470.0	276.0	-1.24624586	4.15428734
21480.0	274.0	-4.91766691	7.94326019
21480.0	275.0	-0.57778955	4.82653141
21480.0	276.0	-1.00838494	4.125741
21490.0	274.0	-5.0006361	7.96615505
21490.0	275.0	-0.26095796	4.73621225
21490.0	276.0	-0.7627461	4.08553791
21500.0	274.0	-5.09229851	7.98678446
21500.0	275.0	0.04011559	4.64070129
21500.0	276.0	-0.51512051	4.05507183
21510.0	274.0	-5.18970156	8.00796223
21510.0	275.0	0.33038116	4.56972265
21510.0	276.0	-0.27373362	4.06265211
21520.0	274.0	-5.30976343	8.04098129
21520.0	275.0	0.64955091	4.48922253
21520.0	276.0	-0.00306273	4.0674715
21530.0	274.0	-5.46176672	8.09343815
21530.0	275.0	0.98097491	4.39161587
21530.0	276.0	0.28385735	4.05663776
21540.0	274.0	-5.6231823	8.16400433
21540.0	275.0	1.35902572	4.2785387
21540.0	276.0	0.61622	4.02872419
21550.0	274.0	-5.77219439	8.24859715
21550.0	275.0	1.75033355	4.19100571
21550.0	276.0	0.96920443	4.02056885
21560.0	274.0	-5.93980074	8.41807079
21560.0	275.0	2.11909986	4.13977003
21560.0	276.0	1.28669357	4.06581783
21570.0	274.0	-6.08840847	8.65657616
21570.0	275.0	2.49882388	4.09272957
21570.0	276.0	1.65276527	4.09010935
21580.0	274.0	-6.14248657	8.82083225
21580.0	275.0	2.84281373	4.03955173
21580.0	276.0	2.00721216	4.07319546
21590.0	274.0	-6.21340895	8.97588634
21590.0	275.0	3.1182611	4.03744078
21590.0	276.0	2.31358337	4.09271336
21600.0	277.0	-4.56767941	7.8202734
21600.0	278.0	-2.06420684	5.20693016
21600.0	279.0	-2.44279408	4.25756264
21610.0	277.0	-4.7239809	7.81884861
21610.0	278.0	-1.83646584	5.21861601
21610.0	279.0	-2.205019	4.28478336
21620.0	277.0	-4.83927059	7.81342936
21620.0	278.0	-1.55690885	5.19514227
21620.0	279.0	-1.92097032	4.28239489
21630.0	277.0	-4.88511133	7.84612989
21630.0	278.0	-1.23457956	5.12668133
21630.0	279.0	-1.61963952	4.24293756
21640.0	277.0	-4.93412304	7.87061119
21640.0	278.0	-0.90103316	5.00836802
21640.0	279.0	-1.33125782	4.16873598
21650.0	277.0	-4.99294949	7.89610195
21650.0	278.0	-0.55700672	4.88143444
21650.0	279.0	-1.04862332	4.08617735
21660.0	277.0	-5.05624628	7.92192984
21660.0	278.0	-0.2260927	4.77381182
21660.0	279.0	-0.78956819	4.0187254
21670.0	277.0	-5.12616062	7.94845867
21670.0	278.0	0.09451127	4.68256474
21670.0	279.0	-0.54553342	3.96951008
21680.0	277.0	-5.21182442	7.97267962
21680.0	278.0	0.41212153	4.59231377
21680.0	279.0	-0.29551005	3.92238235
21690.0	277.0	-5.30844307	7.99384403
21690.0	278.0	0.71217179	4.49568987
21690.0	279.0	-0.04843807	3.89170742
21700.0	277.0	-5.42098331	8.01108837
21700.0	278.0	0.99515009	4.4205184
21700.0	279.0	0.18804646	3.90445423
21710.0	277.0	-5.54393005	8.02547264
21710.0	278.0	1.31817245	4.33178377
21710.0	279.0	0.45237541	3.91512585
21720.0	277.0	-5.67121935	8.04638386
21720.0	278.0	1.67284036	4.22905064
21720.0	279.0	0.74832988	3.9201858
21730.0	277.0	-5.81173038	8.10560989
21730.0	278.0	2.06414485	4.16024923
21730.0	279.0	1.05879641	3.95553255
21740.0	277.0	-5.90717268	8.22000599
21740.0	278.0	2.51679444	4.10283661
21740.0	279.0	1.42870712	3.99455619
21750.0	277.0	-5.9127202	8.38241482
21750.0	278.0	3.01896024	4.00837421
21750.0	279.0	1.84260225	3.99827194
21760.0	277.0	-5.8391037	8.6914711
21760.0	278.0	3.496526	4.01122475
21760.0	279.0	2.24215794	4.08582449
21770.0	277.0	-5.64703083	9.01574421
21770.0	278.0	3.89748263	4.08768559
21770.0	279.0	2.60034037	4.21439648
21780.0	277.0	-5.31893826	9.18195343
21780.0	278.0	4.31427097	4.1440773
21780.0	279.0	2.99917316	4.28576422
21790.0	277.0	-4.95521069	9.347332
21790.0	278.0	4.7208128	4.22766924
21790.0	279.0	3.40198326	4.37154818
21800.0	280.0	-4.73908806	7.86341143
21800.0	281.0	-1.24391174	5.32061005
21800.0	282.0	-1.48802793	4.29193068
21810.0	280.0	-4.87939644	7.8589282
21810.0	281.0	-0.99344784	5.30117321
21810.0	282.0	-1.25598848	4.31435823
21820.0	280.0	-4.98174667	7.84866858
21820.0	281.0	-0.68963194	5.22867393
21820.0	282.0	-1.00647545	4.29789162
21830.0	280.0	-5.01891232	7.87205887
21830.0	281.0	-0.3315078	5.11869955
21830.0	282.0	-0.70607793	4.22937679
21840.0	280.0	-5.06701374	7.89041758
21840.0	281.0	0.0276587	4.96859598
21840.0	282.0	-0.42395782	4.12282467
21850.0	280.0	-5.12676048	7.91520882
21850.0	281.0	0.39713001	4.82177162
21850.0	282.0	-0.1347158	4.02249861
21860.0	280.0	-5.19734955	7.94007683
21860.0	281.0	0.73932409	4.70606279
21860.0	282.0	0.12656379	3.94671297
21870.0	280.0	-5.2794323	7.96135044
21870.0	281.0	1.06461716	4.60266209
21870.0	282.0	0.384552	3.88641953
21880.0	280.0	-5.37346411	7.98027945
21880.0	281.0	1.37202263	4.50084352
21880.0	282.0	0.64054179	3.84957671
21890.0	280.0	-5.48567438	7.99677515
21890.0	281.0	1.65592384	4.4179163
21890.0	282.0	0.87816238	3.85506153
21900.0	280.0	-5.61133289	8.01138496
21900.0	281.0	1.96219993	4.34355831
21900.0	282.0	1.13379836	3.87630749
21910.0	280.0	-5.74071026	8.03506756
21910.0	281.0	2.28924561	4.25898314
21910.0	282.0	1.41396928	3.88905001
21920.0	280.0	-5.88639641	8.09549999
21920.0	281.0	2.60465956	4.21370316
21920.0	282.0	1.66327167	3.94336939
21930.0	280.0	-5.98962307	8.20850945
21930.0	281.0	2.93988824	4.19244957
21930.0	282.0	1.92917228	4.01043558
21940.0	280.0	-6.0117836	8.38462257
21940.0	281.0	3.25576997	4.1907835
21940.0	282.0	2.19325519	4.06904697
21950.0	280.0	-5.90380096	8.65770817
21950.0	281.0	3.53790021	4.20336342
21950.0	282.0	2.43648696	4.10733223
21960.0	280.0	-5.64907742	9.0357151
21960.0	281.0	3.72098899	4.32084703
21960.0	282.0	2.63219094	4.21920586
21970.0	280.0	-5.27945185	9.3973484
21970.0	281.0	3.82177663	4.50262737
21970.0	282.0	2.77465892	4.35018063
21980.0	280.0	-4.79013252	9.64250851
21980.0	281.0	3.91972661	4.70450878
21980.0	282.0	2.9265101	4.48414946
21990.0	280.0	-4.31108522	9.86818886
21990.0	281.0	4.04690838	4.87953329
21990.0	282.0	3.08943677	4.60010529
22000.0	283.0	-4.74828243	7.89680672
22000.0	284.0	-0.40764359	5.24865723
22000.0	285.0	-0.41948873	4.34693718
22010.0	283.0	-4.88876772	7.89865923
22010.0	284.0	-0.15965375	5.22791862
22010.0	285.0	-0.19557413	4.34771967
22020.0	283.0	-4.99166965	7.89643192
22020.0	284.0	0.14725477	5.15467548
22020.0	285.0	0.06688508	4.30803871
22030.0	283.0	-5.03616667	7.91885424
22030.0	284.0	0.51280409	5.02713823
22030.0	285.0	0.3739205	4.19977617
22040.0	283.0	-5.09834146	7.9392271
22040.0	284.0	0.8803553	4.87271452
22040.0	285.0	0.68094069	4.06890249
22050.0	283.0	-5.17342377	7.96669912
22050.0	284.0	1.24303579	4.72810078
22050.0	285.0	0.98642176	3.95000696
22060.0	283.0	-5.26378584	7.98996925
22060.0	284.0	1.58462739	4.59489155
22060.0	285.0	1.26942015	3.84834051
22070.0	283.0	-5.36077738	8.00668049
22070.0	284.0	1.89112735	4.47613287
22070.0	285.0	1.52379727	3.7842319
22080.0	283.0	-5.47292995	8.0236969
22080.0	284.0	2.17876315	4.38973522
22080.0	285.0	1.76713157	3.78511477
22090.0	283.0	-5.59965849	8.04219627
22090.0	284.0	2.47935534	4.31672812
22090.0	285.0	2.01531816	3.80856895
22100.0	283.0	-5.73630095	8.06994534
22100.0	284.0	2.79682636	4.23790741
22100.0	285.0	2.28639793	3.83024001
22110.0	283.0	-5.88526917	8.13206196
22110.0	284.0	3.10103059	4.1974678
22110.0	285.0	2.53342581	3.89307213
22120.0	283.0	-5.99941778	8.2335825
22120.0	284.0	3.40743756	4.16429853
22120.0	285.0	2.77128744	3.95564032
22130.0	283.0	-6.03162479	8.38184166
22130.0	284.0	3.71026516	4.1470499
22130.0	285.0	3.01340795	4.01242113
22140.0	283.0	-5.94419718	8.62096024
22140.0	284.0	3.92633677	4.18632507
22140.0	285.0	3.19658399	4.07027054
22150.0	283.0	-5.6921854	8.93225384
22150.0	284.0	4.05971432	4.29358625
22150.0	285.0	3.34269023	4.15646935
22160.0	283.0	-5.30864382	9.3015337
22160.0	284.0	4.08738327	4.48559666
22160.0	285.0	3.4094882	4.29337692
22170.0	283.0	-4.86867523	9.65651989
22170.0	284.0	4.07354879	4.74256706
22170.0	285.0	3.45218515	4.47161293
22180.0	283.0	-4.36713934	9.92035961
22180.0	284.0	4.10941553	4.95543861
22180.0	285.0	3.52533197	4.61873484
22190.0	283.0	-3.91946816	10.14626408
22190.0	284.0	4.15204191	5.08289385
22190.0	285.0	3.60195947	4.6947341
22200.0	286.0	0.47041237	5.27142239
22200.0	287.0	0.49904302	4.3802228
22210.0	286.0	0.64515728	5.27897263
22210.0	287.0	0.6539461	4.40228987
22220.0	286.0	0.84443861	5.24749136
22220.0	287.0	0.82451844	4.37905693
22230.0	286.0	1.06293082	5.2031498
22230.0	287.0	0.99845791	4.35140657
22240.0	286.0	1.2689662	5.1716547
22240.0	287.0	1.16436696	4.32509708
22250.0	286.0	1.46340609	5.13124275
22250.0	287.0	1.32074237	4.29910374
22260.0	286.0	1.61911416	5.10091877
22260.0	287.0	1.44634175	4.30748463
22270.0	286.0	1.75107169	5.07407379
22270.0	287.0	1.57569456	4.30496025
22280.0	286.0	1.85671473	5.05851793
22280.0	287.0	1.69369471	4.31448936
22290.0	286.0	1.93239546	5.05345821
22290.0	287.0	1.80224085	4.32894039
22300.0	286.0	1.99666405	5.05813122
22300.0	287.0	1.89166903	4.37967634
22310.0	286.0	2.05997467	5.05966425
22310.0	287.0	1.98670518	4.43296432
22320.0	286.0	2.11093736	5.09556341
22320.0	287.0	2.06838751	4.50045347
22330.0	286.0	2.14485836	5.14703178
22330.0	287.0	2.16087389	4.5722599
22340.0	286.0	2.18447542	5.24008894
22340.0	287.0	2.28509474	4.63247776
22350.0	286.0	2.22685528	5.33650303
22350.0	287.0	2.39098692	4.69259977
22360.0	286.0	2.18420959	5.49429178
22360.0	287.0	2.43606162	4.81716299
22370.0	286.0	2.15135288	5.66634369
22370.0	287.0	2.48281598	4.97033501
22380.0	286.0	2.18758154	5.79319715
22380.0	287.0	2.57469702	5.07978249
22390.0	286.0	2.20602965	5.91497517
22390.0	287.0	2.64769268	5.17509985
