140800.0	4346.0	6.04642916	5.16484928
140800.0	4347.0	6.47151995	5.01264668
140800.0	4348.0	6.85393906	4.22504377
140800.0	4349.0	6.02603149	4.34434509
140800.0	4350.0	6.66133261	6.89736557
140810.0	4346.0	6.04166412	5.17020464
140810.0	4347.0	6.46675158	5.01800728
140810.0	4348.0	6.84918261	4.2303915
140810.0	4349.0	6.02127028	4.34969759
140810.0	4350.0	6.68983316	6.90345621
140820.0	4346.0	6.02542114	5.18183041
140820.0	4347.0	6.45050192	5.02963781
140820.0	4348.0	6.83297682	4.24199057
140820.0	4349.0	6.00504684	4.36130953
140820.0	4350.0	6.56878519	7.00702
140830.0	4346.0	6.00831985	5.19419098
140830.0	4347.0	6.43337822	5.0420146
140830.0	4348.0	6.81589031	4.25434017
140830.0	4349.0	5.98794651	4.37366962
140830.0	4350.0	6.40517187	7.05864
140840.0	4346.0	6.00800514	5.19439983
140840.0	4347.0	6.43306398	5.04222298
140840.0	4348.0	6.8155756	4.25454903
140840.0	4349.0	5.9876318	4.373878
140840.0	4350.0	6.4394269	7.02695704
140850.0	4346.0	6.00769091	5.19460821
140850.0	4347.0	6.43274927	5.04243183
140850.0	4348.0	6.81526089	4.2547574
140850.0	4349.0	5.98731709	4.37408686
140850.0	4350.0	6.49317455	7.1265564
140860.0	4346.0	6.00737619	5.19481707
140860.0	4347.0	6.43243456	5.04264021
140860.0	4348.0	6.81494665	4.25496626
140860.0	4349.0	5.98700285	4.37429523
140860.0	4350.0	6.48339033	7.11637831
140870.0	4346.0	6.00706148	5.19502544
140870.0	4347.0	6.43212032	5.04284906
140870.0	4348.0	6.81463194	4.25517464
140870.0	4349.0	5.98668814	4.37450409
140870.0	4350.0	6.49014568	7.12309647
140880.0	4346.0	6.00674725	5.1952343
140880.0	4347.0	6.43180561	5.04305744
140880.0	4348.0	6.81431723	4.25538349
140880.0	4349.0	5.98637342	4.37471294
140880.0	4350.0	6.49468231	7.13046789
140890.0	4346.0	6.00643253	5.19544268
140890.0	4347.0	6.4314909	5.0432663
140890.0	4348.0	6.81400299	4.25559235
140890.0	4349.0	5.98605871	4.37492132
140890.0	4350.0	6.49436808	7.13067675
140900.0	4346.0	6.00611782	5.19565153
140900.0	4347.0	6.43117619	5.04347515
140900.0	4348.0	6.81368828	4.25580072
140900.0	4349.0	5.98574448	4.37513018
140900.0	4350.0	6.49405336	7.13088512
140910.0	4346.0	6.00580311	5.19586039
140910.0	4347.0	6.43086195	5.04368353
140910.0	4348.0	6.81337357	4.25600958
140910.0	4349.0	5.98542976	4.37533855
140910.0	4350.0	6.49373865	7.13109398
140920.0	4346.0	6.00548887	5.19606876
140920.0	4347.0	6.43054724	5.04389238
140920.0	4348.0	6.81305885	4.25621796
140920.0	4349.0	5.98511505	4.37554741
140920.0	4350.0	6.49342394	7.13130236
140930.0	4346.0	6.00517416	5.19627762
140930.0	4347.0	6.43023252	5.04410076
140930.0	4348.0	6.81274462	4.25642681
140930.0	4349.0	5.98480034	4.37575579
140930.0	4350.0	6.48109818	7.12541151
140940.0	4346.0	6.00485945	5.196486
140940.0	4347.0	6.42991781	5.04430962
140940.0	4348.0	6.8124299	4.25663519
140940.0	4349.0	5.9844861	4.37596464
140940.0	4350.0	6.41204119	7.11276436
140950.0	4346.0	6.00454473	5.19669485
140950.0	4347.0	6.42960358	5.04451799
140950.0	4348.0	6.81211519	4.25684404
140950.0	4349.0	5.98417139	4.37617302
140950.0	4350.0	6.26088285	7.04216146
140960.0	4346.0	6.0042305	5.19690323
140960.0	4347.0	6.42928886	5.04472685
140960.0	4348.0	6.81180048	4.25705242
140960.0	4349.0	5.98385668	4.37638187
140960.0	4350.0	6.07606602	7.02210712
140970.0	4346.0	6.00391579	5.19711208
140970.0	4347.0	6.42897415	5.04493523
140970.0	4348.0	6.81148624	4.25726128
140970.0	4349.0	5.98354244	4.37659025
140970.0	4350.0	5.86400318	7.08824873
140980.0	4346.0	6.00360107	5.19732046
140980.0	4347.0	6.42865992	5.04514408
140980.0	4348.0	6.81117153	4.25746965
140980.0	4349.0	5.98322773	4.37679911
140980.0	4350.0	5.70139265	7.13265848
140990.0	4346.0	6.00328684	5.19752932
140990.0	4347.0	6.4283452	5.04535246
140990.0	4348.0	6.81085682	4.25767851
140990.0	4349.0	5.98291302	4.37700796
140990.0	4350.0	5.55778122	7.1528101
141000.0	4351.0	6.04558086	5.17946625
141000.0	4352.0	6.47078228	5.02696323
141000.0	4353.0	6.85338593	4.23935652
141000.0	4354.0	6.02518559	4.35865784
141000.0	4355.0	6.25248861	7.08149719
141000.0	4356.0	9.69635963	12.35955715
141010.0	4351.0	6.03396559	5.18849659
141010.0	4352.0	6.45916939	5.03599167
141010.0	4353.0	6.84177828	4.24838114
141010.0	4354.0	6.01357603	4.36768341
141010.0	4355.0	6.26029634	7.10092306
141010.0	4356.0	9.67720127	12.33576488
141020.0	4351.0	6.04357672	5.16783381
141020.0	4352.0	6.46877384	5.01532793
141020.0	4353.0	6.85138464	4.22774363
141020.0	4354.0	6.02318096	4.34703541
141020.0	4355.0	6.17361021	7.17899466
141020.0	4356.0	9.72507763	12.3463192
141030.0	4351.0	6.06539059	5.19608927
141030.0	4352.0	6.49058628	5.04357815
141030.0	4353.0	6.87317801	4.25596857
141030.0	4354.0	6.04498148	4.37527037
141030.0	4355.0	6.05973434	7.23621035
141030.0	4356.0	9.73592758	12.34104061
141040.0	4351.0	6.07617521	5.19002104
141040.0	4352.0	6.5013814	5.03752947
141040.0	4353.0	6.88396454	4.24990797
141040.0	4354.0	6.05576801	4.3692131
141040.0	4355.0	6.09359837	7.19514513
141040.0	4356.0	9.69735146	12.21699047
141050.0	4351.0	6.07602453	5.17496538
141050.0	4352.0	6.5012331	5.02246046
141050.0	4353.0	6.88381767	4.23485899
141050.0	4354.0	6.05561972	4.35415888
141050.0	4355.0	6.13187885	7.26117325
141050.0	4356.0	9.70089531	11.98975658
141060.0	4351.0	6.05688715	5.17314672
141060.0	4352.0	6.48207855	5.02063799
141060.0	4353.0	6.86468649	4.23303699
141060.0	4354.0	6.03648281	4.35233784
141060.0	4355.0	6.1264286	7.25649309
141060.0	4356.0	9.62350559	11.71305466
141070.0	4351.0	6.05657244	5.17335558
141070.0	4352.0	6.48176384	5.02084637
141070.0	4353.0	6.86437178	4.23324537
141070.0	4354.0	6.03616858	4.35254622
141070.0	4355.0	6.12153101	7.26323128
141070.0	4356.0	9.45679474	11.41081047
141080.0	4351.0	6.0562582	5.17356396
141080.0	4352.0	6.4814496	5.02105522
141080.0	4353.0	6.86405706	4.23345423
141080.0	4354.0	6.03585386	4.35275507
141080.0	4355.0	6.11879063	7.26054716
141080.0	4356.0	9.18029022	11.26847935
141090.0	4351.0	6.05594349	5.17377281
141090.0	4352.0	6.48113489	5.02126408
141090.0	4353.0	6.86374283	4.23366261
141090.0	4354.0	6.03553915	4.35296392
141090.0	4355.0	6.12348795	7.26852226
141090.0	4356.0	8.84863472	11.30485821
141100.0	4351.0	6.05562878	5.17398167
141100.0	4352.0	6.48082018	5.02147245
141100.0	4353.0	6.86342812	4.23387146
141100.0	4354.0	6.03522444	4.3531723
141100.0	4355.0	6.12318993	7.27329445
141100.0	4356.0	8.4767704	11.44999123
141110.0	4351.0	6.05531454	5.17419004
141110.0	4352.0	6.48050547	5.02168131
141110.0	4353.0	6.8631134	4.23407984
141110.0	4354.0	6.0349102	4.35338116
141110.0	4355.0	6.12354851	7.27235317
141110.0	4356.0	8.13344574	11.63284492
141120.0	4351.0	6.05499983	5.1743989
141120.0	4352.0	6.48019123	5.02188969
141120.0	4353.0	6.86279869	4.23428869
141120.0	4354.0	6.03459549	4.35358953
141120.0	4355.0	6.1258812	7.27647018
141120.0	4356.0	7.87237072	11.79408169
141130.0	4351.0	6.05468512	5.17460728
141130.0	4352.0	6.47987652	5.02209854
141130.0	4353.0	6.86248446	4.23449707
141130.0	4354.0	6.03428078	4.35379839
141130.0	4355.0	6.12556648	7.27667904
141130.0	4356.0	7.67143488	11.92417526
141140.0	4351.0	6.0543704	5.17481613
141140.0	4352.0	6.47956181	5.02230692
141140.0	4353.0	6.86216974	4.23470592
141140.0	4354.0	6.03396606	4.35400677
141140.0	4355.0	6.12525177	7.27688742
141140.0	4356.0	7.54731655	11.98289871
141150.0	4351.0	6.05405617	5.17502451
141150.0	4352.0	6.47924709	5.02251577
141150.0	4353.0	6.86185503	4.23491478
141150.0	4354.0	6.03365183	4.35421562
141150.0	4355.0	6.12493706	7.27709627
141150.0	4356.0	7.52714825	12.06659794
141160.0	4351.0	6.05374146	5.17523336
141160.0	4352.0	6.47893286	5.02272415
141160.0	4353.0	6.86154079	4.23512316
141160.0	4354.0	6.03333712	4.354424
141160.0	4355.0	6.12462282	7.27730513
141160.0	4356.0	7.43346071	12.02708912
141170.0	4351.0	6.05021763	5.17652845
141170.0	4352.0	6.47541523	5.02401733
141170.0	4353.0	6.85798693	4.23642826
141170.0	4354.0	6.02979994	4.35572386
141170.0	4355.0	6.12430811	7.2775135
141170.0	4356.0	7.59904337	12.12648392
141180.0	4351.0	6.05095816	5.1753974
141180.0	4352.0	6.47615385	5.02288866
141180.0	4353.0	6.85873747	4.23528481
141180.0	4354.0	6.03054476	4.35458708
141180.0	4355.0	6.1239934	7.27772236
141180.0	4356.0	7.54793787	12.27715111
141190.0	4351.0	6.05311298	5.17051315
141190.0	4352.0	6.47830391	5.01801443
141190.0	4353.0	6.86091518	4.23035383
141190.0	4354.0	6.03271008	4.34968185
141190.0	4355.0	6.12367916	7.27793074
141190.0	4356.0	7.59690285	12.32374954
141200.0	4357.0	6.04602242	5.17764664
141200.0	4358.0	6.47122812	5.02513695
141200.0	4359.0	6.8542347	4.23752499
141200.0	4360.0	6.02583075	4.35683155
141200.0	4361.0	5.81703186	7.24060106
141200.0	4362.0	9.7145195	11.91107368
141210.0	4357.0	6.03579092	5.18559647
141210.0	4358.0	6.46100378	5.03308105
141210.0	4359.0	6.84401941	4.24546242
141210.0	4360.0	6.01561022	4.36477327
141210.0	4361.0	5.82482672	7.25815582
141210.0	4362.0	9.70656776	11.89893818
141220.0	4357.0	6.04466581	5.16915178
141220.0	4358.0	6.46986818	5.01663971
141220.0	4359.0	6.85288048	4.22905302
141220.0	4360.0	6.02447462	4.34835148
141220.0	4361.0	5.73906994	7.33624744
141220.0	4362.0	9.78001976	11.93350029
141230.0	4357.0	6.06288862	5.192554
141230.0	4358.0	6.48808241	5.04003096
141230.0	4359.0	6.87106848	4.25240898
141230.0	4360.0	6.04267454	4.37172222
141230.0	4361.0	5.62619829	7.3926301
141230.0	4362.0	9.77936554	11.92541695
141240.0	4357.0	6.07265997	5.18660164
141240.0	4358.0	6.49784851	5.03409147
141240.0	4359.0	6.88082981	4.24646854
141240.0	4360.0	6.05244112	4.36578083
141240.0	4361.0	5.65929317	7.35092402
141240.0	4362.0	9.74297428	11.76167679
141250.0	4357.0	6.07283783	5.17397833
141250.0	4358.0	6.49802494	5.02147055
141250.0	4359.0	6.88100958	4.23386431
141250.0	4360.0	6.05262041	4.35316849
141250.0	4361.0	5.69787502	7.41694784
141250.0	4362.0	9.7486496	11.51062489
141260.0	4357.0	6.05643368	5.17205334
141260.0	4358.0	6.4816246	5.01954746
141260.0	4359.0	6.86462736	4.23193932
141260.0	4360.0	6.0362277	4.35124254
141260.0	4361.0	5.68820381	7.4150219
141260.0	4362.0	9.59150219	11.21988201
141270.0	4357.0	6.05611897	5.17226219
141270.0	4358.0	6.48130989	5.01975632
141270.0	4359.0	6.86431265	4.23214817
141270.0	4360.0	6.03591299	4.3514514
141270.0	4361.0	5.685606	7.4143281
141270.0	4362.0	9.32690239	11.07025719
141280.0	4357.0	6.05580425	5.17247057
141280.0	4358.0	6.48099518	5.01996469
141280.0	4359.0	6.86399794	4.23235655
141280.0	4360.0	6.03559875	4.35165977
141280.0	4361.0	5.68748713	7.42210722
141280.0	4362.0	9.00215435	11.09970665
141290.0	4357.0	6.05549002	5.17267942
141290.0	4358.0	6.48068047	5.02017355
141290.0	4359.0	6.86368322	4.2325654
141290.0	4360.0	6.03528404	4.35186863
141290.0	4361.0	5.68730783	7.42534351
141290.0	4362.0	8.63741589	11.23928642
141300.0	4357.0	6.0551753	5.1728878
141300.0	4358.0	6.48036623	5.02038193
141300.0	4359.0	6.86336899	4.23277426
141300.0	4360.0	6.03496933	4.35207701
141300.0	4361.0	5.68977928	7.42752266
141300.0	4362.0	8.29672432	11.4201498
141310.0	4357.0	6.05486059	5.17309666
141310.0	4358.0	6.48005152	5.02059078
141310.0	4359.0	6.86305428	4.23298264
141310.0	4360.0	6.03465509	4.35228586
141310.0	4361.0	5.69211197	7.43163967
141310.0	4362.0	8.03569603	11.58248615
141320.0	4357.0	6.05454588	5.17330503
141320.0	4358.0	6.4797368	5.02079916
141320.0	4359.0	6.86273956	4.23319149
141320.0	4360.0	6.03434038	4.35249472
141320.0	4361.0	5.69179726	7.43184853
141320.0	4362.0	7.83531761	11.71331501
141330.0	4357.0	6.05423164	5.17351389
141330.0	4358.0	6.47942257	5.02100801
141330.0	4359.0	6.86242533	4.23339987
141330.0	4360.0	6.03402567	4.35270309
141330.0	4361.0	5.69148302	7.4320569
141330.0	4362.0	7.71186256	11.77051449
141340.0	4357.0	6.05391693	5.17372274
141340.0	4358.0	6.47910786	5.02121639
141340.0	4359.0	6.86211061	4.23360872
141340.0	4360.0	6.03371096	4.35291195
141340.0	4361.0	5.69116831	7.43226576
141340.0	4362.0	7.69611883	11.83005142
141350.0	4357.0	6.05360222	5.17393112
141350.0	4358.0	6.47879314	5.02142525
141350.0	4359.0	6.8617959	4.2338171
141350.0	4360.0	6.03339672	4.35312033
141350.0	4361.0	5.6908536	7.43247414
141350.0	4362.0	7.69232225	11.88294601
141360.0	4357.0	6.05328798	5.17413998
141360.0	4358.0	6.47847843	5.02163363
141360.0	4359.0	6.86148119	4.23402596
141360.0	4360.0	6.03308201	4.35332918
141360.0	4361.0	5.69053936	7.43268299
141360.0	4362.0	7.58619213	11.79543781
141370.0	4357.0	6.04736423	5.1762476
141370.0	4358.0	6.47256088	5.02373934
141370.0	4359.0	6.85553408	4.23614168
141370.0	4360.0	6.02714682	4.35544062
141370.0	4361.0	5.69022465	7.43289185
141370.0	4362.0	7.75127316	11.91023445
141380.0	4357.0	6.04889393	5.17411423
141380.0	4358.0	6.47408867	5.02160883
141380.0	4359.0	6.85707188	4.23399878
141380.0	4360.0	6.02868032	4.35330296
141380.0	4361.0	5.68990993	7.43310022
141380.0	4362.0	7.67805672	12.08801651
141390.0	4357.0	6.05289507	5.16542244
141390.0	4358.0	6.47808552	5.0129261
141390.0	4359.0	6.86109114	4.22526884
141390.0	4360.0	6.03269053	4.34459162
141390.0	4361.0	5.68959522	7.43330908
141390.0	4362.0	7.73103809	12.12495995
141400.0	4363.0	6.04506302	5.17882347
141400.0	4364.0	6.46996689	5.02611732
141400.0	4365.0	6.85326958	4.23851252
141400.0	4366.0	6.02486801	4.35781479
141400.0	4367.0	5.37626505	7.36191845
141400.0	4368.0	9.72727585	11.47498703
141410.0	4363.0	6.03408813	5.18735361
141410.0	4364.0	6.45899677	5.03464365
141410.0	4365.0	6.84230328	4.24703598
141410.0	4366.0	6.0138998	4.36633968
141410.0	4367.0	5.38134336	7.37849808
141410.0	4368.0	9.73123455	11.47038174
141420.0	4363.0	6.04415369	5.17003012
141420.0	4364.0	6.46905661	5.01733017
141420.0	4365.0	6.85236263	4.22973585
141420.0	4366.0	6.02395916	4.34903288
141420.0	4367.0	5.2951293	7.45830965
141420.0	4368.0	9.80019093	11.51665592
141430.0	4363.0	6.06354332	5.19536591
141430.0	4364.0	6.48843622	5.04265118
141430.0	4365.0	6.8717308	4.25504255
141430.0	4366.0	6.04333305	4.37434626
141430.0	4367.0	5.18008709	7.5196929
141430.0	4368.0	9.78369236	11.45811844
141440.0	4363.0	6.07245636	5.18683338
141440.0	4364.0	6.49735212	5.03412867
141440.0	4365.0	6.88064146	4.24651623
141440.0	4366.0	6.05224752	4.36582327
141440.0	4367.0	5.21448231	7.47825193
141440.0	4368.0	9.76369095	11.24786758
141450.0	4363.0	6.07232237	5.17509317
141450.0	4364.0	6.49722004	5.02238798
141450.0	4365.0	6.88050985	4.23478603
141450.0	4366.0	6.05211592	4.35408688
141450.0	4367.0	5.24882269	7.54750109
141450.0	4368.0	9.69657803	10.95666122
141460.0	4363.0	6.05723429	5.17365122
141460.0	4364.0	6.48213005	5.02094412
141460.0	4365.0	6.86543274	4.23334265
141460.0	4366.0	6.0370307	4.35264254
141460.0	4367.0	5.24011612	7.53763723
141460.0	4368.0	9.47055817	10.79265499
141470.0	4363.0	6.05692005	5.17386007
141470.0	4364.0	6.48181581	5.0211525
141470.0	4365.0	6.86511803	4.2335515
141470.0	4366.0	6.03671598	4.35285091
141470.0	4367.0	5.24139977	7.54693317
141470.0	4368.0	9.16912746	10.80326366
141480.0	4363.0	6.05660534	5.17406845
141480.0	4364.0	6.4815011	5.02136135
141480.0	4365.0	6.86480331	4.23375988
141480.0	4366.0	6.03640175	4.35305977
141480.0	4367.0	5.23902512	7.55029535
141480.0	4368.0	8.81281281	10.93183804
141490.0	4363.0	6.05629063	5.17427731
141490.0	4364.0	6.48118639	5.02156973
141490.0	4365.0	6.86448908	4.23396873
141490.0	4366.0	6.03608704	4.35326815
141490.0	4367.0	5.2421875	7.55183887
141490.0	4368.0	8.47652054	11.10896015
141500.0	4363.0	6.05597639	5.17448568
141500.0	4364.0	6.48087168	5.02177858
141500.0	4365.0	6.86417437	4.23417711
141500.0	4366.0	6.03577232	4.353477
141500.0	4367.0	5.24656391	7.55897331
141500.0	4368.0	8.21729374	11.26961994
141510.0	4363.0	6.05566168	5.17469454
141510.0	4364.0	6.48055744	5.02198696
141510.0	4365.0	6.86385965	4.23438597
141510.0	4366.0	6.03545761	4.35368538
141510.0	4367.0	5.2462492	7.55918217
141510.0	4368.0	8.01663971	11.40023136
141520.0	4363.0	6.05534697	5.17490292
141520.0	4364.0	6.48024273	5.02219582
141520.0	4365.0	6.86354494	4.23459435
141520.0	4366.0	6.03514338	4.35389423
141520.0	4367.0	5.24593496	7.55939102
141520.0	4368.0	7.89287996	11.4578476
141530.0	4363.0	6.05503225	5.17511177
141530.0	4364.0	6.47992802	5.02240419
141530.0	4365.0	6.86323071	4.2348032
141530.0	4366.0	6.03482866	4.35410309
141530.0	4367.0	5.24562025	7.5595994
141530.0	4368.0	7.87561035	11.5178175
141540.0	4363.0	6.05471802	5.17532063
141540.0	4364.0	6.47961378	5.02261305
141540.0	4365.0	6.86291599	4.23501158
141540.0	4366.0	6.03451395	4.35431147
141540.0	4367.0	5.24530554	7.55980825
141540.0	4368.0	7.8809433	11.5519762
141550.0	4363.0	6.05440331	5.175529
141550.0	4364.0	6.47929907	5.0228219
141550.0	4365.0	6.86260128	4.23522043
141550.0	4366.0	6.03419971	4.35452032
141550.0	4367.0	5.24499083	7.56001663
141550.0	4368.0	7.8766737	11.57709599
141560.0	4363.0	6.05408859	5.17573786
141560.0	4364.0	6.47898436	5.02303028
141560.0	4365.0	6.86228704	4.23542881
141560.0	4366.0	6.033885	4.3547287
141560.0	4367.0	5.24467659	7.56022549
141560.0	4368.0	7.77671003	11.49813652
141570.0	4363.0	6.05377436	5.17594624
141570.0	4364.0	6.47866964	5.02323914
141570.0	4365.0	6.86197233	4.23563766
141570.0	4366.0	6.03357029	4.35493755
141570.0	4367.0	5.24436188	7.56043386
141570.0	4368.0	7.93324566	11.60290813
141580.0	4363.0	6.05345964	5.17615509
141580.0	4364.0	6.47835541	5.02344751
141580.0	4365.0	6.86165762	4.23584652
141580.0	4366.0	6.03325558	4.35514593
141580.0	4367.0	5.24404716	7.56064272
141580.0	4368.0	7.87397099	11.75352955
141590.0	4363.0	6.05314493	5.17636347
141590.0	4364.0	6.4780407	5.02365637
141590.0	4365.0	6.86134291	4.2360549
141590.0	4366.0	6.03294134	4.35535479
141590.0	4367.0	5.24373293	7.56085157
141590.0	4368.0	7.92996788	11.80023098
141600.0	4369.0	6.05273247	5.16499472
141600.0	4370.0	6.47763062	5.01229334
141600.0	4371.0	6.86132812	4.22469139
141600.0	4372.0	6.03272915	4.34399223
141600.0	4373.0	4.97781658	7.43293333
141600.0	4374.0	9.74416924	10.95174122
141600.0	4375.0	0.16034962	4.27157927
141610.0	4369.0	6.05250549	5.16504049
141610.0	4370.0	6.47740269	5.01234055
141610.0	4371.0	6.86109924	4.22474003
141610.0	4372.0	6.03250074	4.34404039
141610.0	4373.0	4.99230194	7.44362831
141610.0	4374.0	9.7491045	10.96276188
141610.0	4375.0	0.15483566	4.24947977
141620.0	4369.0	6.05183792	5.16885281
141620.0	4370.0	6.4767375	5.01615906
141620.0	4371.0	6.86043644	4.22856236
141620.0	4372.0	6.03183699	4.34786034
141620.0	4373.0	4.86530399	7.53888702
141620.0	4374.0	9.74497128	10.95679379
141620.0	4375.0	0.18504289	4.25769711
141630.0	4369.0	6.04962635	5.16437864
141630.0	4370.0	6.47452307	5.01167822
141630.0	4371.0	6.85822105	4.22407818
141630.0	4372.0	6.02962208	4.34337807
141630.0	4373.0	4.84077787	7.48585844
141630.0	4374.0	9.7394228	10.94443989
141630.0	4375.0	0.15983264	4.21583986
141640.0	4369.0	6.05505848	5.16892004
141640.0	4370.0	6.4799633	5.01622581
141640.0	4371.0	6.86366463	4.22862911
141640.0	4372.0	6.03506374	4.34792709
141640.0	4373.0	4.87191629	7.56614447
141640.0	4374.0	9.7098999	10.94523525
141640.0	4375.0	0.14183022	4.20381355
141650.0	4369.0	6.05677748	5.16534042
141650.0	4370.0	6.48168516	5.01264048
141650.0	4371.0	6.86538792	4.22504139
141650.0	4372.0	6.03678656	4.3443408
141650.0	4373.0	4.88317204	7.5812993
141650.0	4374.0	9.65612698	10.90902138
141650.0	4375.0	0.18437743	4.20024109
141660.0	4369.0	6.05029011	5.16263199
141660.0	4370.0	6.47518921	5.00992823
141660.0	4371.0	6.85888815	4.22232723
141660.0	4372.0	6.0302887	4.3416276
141660.0	4373.0	4.88965607	7.59012556
141660.0	4374.0	9.58172226	10.89214706
141660.0	4375.0	0.16362286	4.17530775
141670.0	4369.0	6.04997587	5.16284084
141670.0	4370.0	6.4748745	5.01013708
141670.0	4371.0	6.85857344	4.22253609
141670.0	4372.0	6.02997398	4.34183645
141670.0	4373.0	4.89109564	7.59292364
141670.0	4374.0	9.48543453	10.91399765
141670.0	4375.0	0.15100059	4.16548204
141680.0	4369.0	6.04966116	5.16304922
141680.0	4370.0	6.47456026	5.01034546
141680.0	4371.0	6.8582592	4.22274446
141680.0	4372.0	6.02965975	4.34204483
141680.0	4373.0	4.89078093	7.59313202
141680.0	4374.0	9.37801361	10.97935963
141680.0	4375.0	0.15921894	4.16124153
141690.0	4369.0	6.04934645	5.16325808
141690.0	4370.0	6.47424555	5.01055431
141690.0	4371.0	6.85794449	4.22295332
141690.0	4372.0	6.02934504	4.34225368
141690.0	4373.0	4.89046621	7.59334087
141690.0	4374.0	9.26863861	11.07670021
141690.0	4375.0	0.15935668	4.14902496
141700.0	4369.0	6.04903173	5.16346645
141700.0	4370.0	6.47393084	5.01076269
141700.0	4371.0	6.85762978	4.2231617
141700.0	4372.0	6.02903032	4.34246206
141700.0	4373.0	4.89015198	7.59354925
141700.0	4374.0	9.17301273	11.15599442
141700.0	4375.0	0.15711179	4.13647985
141710.0	4369.0	6.0487175	5.16367531
141710.0	4370.0	6.47361612	5.01097155
141710.0	4371.0	6.85731506	4.22337055
141710.0	4372.0	6.02871561	4.34267092
141710.0	4373.0	4.88983727	7.59375811
141710.0	4374.0	9.11446571	11.21036434
141710.0	4375.0	0.15463494	4.12719154
141720.0	4369.0	6.04840279	5.16388369
141720.0	4370.0	6.47330189	5.01117992
141720.0	4371.0	6.85700083	4.22357893
141720.0	4372.0	6.02840137	4.34287977
141720.0	4373.0	4.88952255	7.59396696
141720.0	4374.0	9.1077404	11.24191856
141720.0	4375.0	0.1470146	4.11601305
141730.0	4369.0	6.04808807	5.16409254
141730.0	4370.0	6.47298717	5.01138878
141730.0	4371.0	6.85668612	4.22378778
141730.0	4372.0	6.02808666	4.34308815
141730.0	4373.0	4.88920784	7.59417534
141730.0	4374.0	9.11945057	11.28051949
141730.0	4375.0	0.14323206	4.11487532
141740.0	4369.0	6.04777384	5.16430092
141740.0	4370.0	6.47267246	5.01159716
141740.0	4371.0	6.8563714	4.22399616
141740.0	4372.0	6.02777195	4.343297
141740.0	4373.0	4.8888936	7.59438419
141740.0	4374.0	9.10921192	11.29063225
141740.0	4375.0	0.14240313	4.11553812
141750.0	4369.0	6.04745913	5.16450977
141750.0	4370.0	6.47235775	5.01180601
141750.0	4371.0	6.85605717	4.22420502
141750.0	4372.0	6.02745771	4.34350538
141750.0	4373.0	4.88857889	7.59459257
141750.0	4374.0	9.10670853	11.30855465
141750.0	4375.0	0.14397267	4.09830761
141760.0	4369.0	6.04730797	5.16435003
141760.0	4370.0	6.47220612	5.01164818
141760.0	4371.0	6.85590601	4.22404432
141760.0	4372.0	6.02730608	4.34334612
141760.0	4373.0	4.88830423	7.59471178
141760.0	4374.0	8.98817444	11.2157011
141760.0	4375.0	0.15149157	4.09438705
141770.0	4369.0	6.04257584	5.16424751
141770.0	4370.0	6.46749067	5.01155043
141770.0	4371.0	6.85114717	4.22394848
141770.0	4372.0	6.02256632	4.34324932
141770.0	4373.0	4.88721514	7.5947423
141770.0	4374.0	9.13279724	11.35730553
141770.0	4375.0	0.0943126	4.07720804
141780.0	4369.0	6.0444026	5.16383362
141780.0	4370.0	6.4693079	5.01113701
141780.0	4371.0	6.85298347	4.22352552
141780.0	4372.0	6.02439451	4.34283066
141780.0	4373.0	4.8873229	7.5949254
141780.0	4374.0	9.00275612	11.55291843
141780.0	4375.0	0.09898559	4.00913286
141790.0	4369.0	6.04204226	5.16312408
141790.0	4370.0	6.46696615	5.01041889
141790.0	4371.0	6.85063648	4.22278214
141790.0	4372.0	6.02204943	4.34209871
141790.0	4373.0	4.88627815	7.59538889
141790.0	4374.0	9.05490208	11.67698956
141790.0	4375.0	0.12225143	3.94472957
141800.0	4376.0	6.05198526	5.16500902
141800.0	4377.0	6.47698545	5.0121088
141800.0	4378.0	6.86068535	4.22450876
141800.0	4379.0	6.03208542	4.34380865
141800.0	4380.0	9.74983978	10.503829
141800.0	4381.0	0.78188032	4.32129383
141800.0	4382.0	0.38591459	4.77374363
141810.0	4376.0	6.05167103	5.1652174
141810.0	4377.0	6.47667122	5.01231718
141810.0	4378.0	6.86037111	4.22471714
141810.0	4379.0	6.03177118	4.34401703
141810.0	4380.0	9.75172329	10.51446724
141810.0	4381.0	0.72283715	4.32752705
141810.0	4382.0	0.32641608	4.78216553
141820.0	4376.0	6.0513463	5.16584015
141820.0	4377.0	6.47634649	5.01293993
141820.0	4378.0	6.86004639	4.22534561
141820.0	4379.0	6.03144646	4.34464264
141820.0	4380.0	9.72140026	10.51600456
141820.0	4381.0	0.77845293	4.33156681
141820.0	4382.0	0.38092354	4.78710318
141830.0	4376.0	6.0508213	5.16552877
141830.0	4377.0	6.4758215	5.01262856
141830.0	4378.0	6.85951853	4.22502708
141830.0	4379.0	6.03092003	4.34432745
141830.0	4380.0	9.70968914	10.4709568
141830.0	4381.0	0.7557326	4.29318619
141830.0	4382.0	0.36019841	4.74807215
141840.0	4376.0	6.0511446	5.16621828
141840.0	4377.0	6.47614479	5.01331854
141840.0	4378.0	6.85985041	4.22572327
141840.0	4379.0	6.03124809	4.34502077
141840.0	4380.0	9.65294838	10.48323822
141840.0	4381.0	0.72555977	4.26883984
141840.0	4382.0	0.33068043	4.72285843
141850.0	4376.0	6.05105591	5.16600657
141850.0	4377.0	6.4760561	5.01310635
141850.0	4378.0	6.85976505	4.22550583
141850.0	4379.0	6.03116083	4.34480572
141850.0	4380.0	9.57316303	10.48196888
141850.0	4381.0	0.76898795	4.26190424
141850.0	4382.0	0.37161905	4.71497965
141860.0	4376.0	6.05005598	5.16589165
141860.0	4377.0	6.47505617	5.01299095
141860.0	4378.0	6.85875559	4.22538614
141860.0	4379.0	6.03015614	4.34468842
141860.0	4380.0	9.47830009	10.51586151
141860.0	4381.0	0.76123214	4.24748373
141860.0	4382.0	0.36098838	4.70013952
141870.0	4376.0	6.04973936	5.16618299
141870.0	4377.0	6.47473955	5.01328754
141870.0	4378.0	6.85843897	4.22568798
141870.0	4379.0	6.02983904	4.34498596
141870.0	4380.0	9.42785645	10.57924747
141870.0	4381.0	0.75325966	4.23509312
141870.0	4382.0	0.35233262	4.68985558
141880.0	4376.0	6.04938269	5.16628742
141880.0	4377.0	6.47438049	5.01338577
141880.0	4378.0	6.85807657	4.22577953
141880.0	4379.0	6.0294795	4.34508276
141880.0	4380.0	9.38816452	10.64253616
141880.0	4381.0	0.75524694	4.22296238
141880.0	4382.0	0.35522711	4.6803689
141890.0	4376.0	6.04919577	5.1665926
141890.0	4377.0	6.4742012	5.01369667
141890.0	4378.0	6.85790586	4.22609663
141890.0	4379.0	6.02930212	4.34539509
141890.0	4380.0	9.3476181	10.68333912
141890.0	4381.0	0.75929683	4.21610832
141890.0	4382.0	0.36024848	4.67627192
141900.0	4376.0	6.04892635	5.16671705
141900.0	4377.0	6.47393465	5.01381588
141900.0	4378.0	6.85764217	4.22621012
141900.0	4379.0	6.02903605	4.34551287
141900.0	4380.0	9.33235264	10.69276428
141900.0	4381.0	0.75051171	4.19917011
141900.0	4382.0	0.35315695	4.66121626
141910.0	4376.0	6.04847479	5.16686058
141910.0	4377.0	6.4734745	5.01395559
141910.0	4378.0	6.85717344	4.22634602
141910.0	4379.0	6.02857399	4.3456521
141910.0	4380.0	9.35329819	10.71715355
141910.0	4381.0	0.74298835	4.19137478
141910.0	4382.0	0.34827018	4.65326452
141920.0	4376.0	6.04816008	5.16706944
141920.0	4377.0	6.47315979	5.01416445
141920.0	4378.0	6.85685873	4.22655439
141920.0	4379.0	6.02825928	4.34586048
141920.0	4380.0	9.36623096	10.73543835
141920.0	4381.0	0.74409699	4.18406296
141920.0	4382.0	0.35256144	4.64441776
141930.0	4376.0	6.04784584	5.16727781
141930.0	4377.0	6.47284508	5.01437283
141930.0	4378.0	6.85654402	4.22676325
141930.0	4379.0	6.02794504	4.34606934
141930.0	4380.0	9.36774921	10.73835278
141930.0	4381.0	0.74261171	4.18314886
141930.0	4382.0	0.35159603	4.63906002
141940.0	4376.0	6.04746962	5.1701045
141940.0	4377.0	6.47246933	5.01720619
141940.0	4378.0	6.85616779	4.22960377
141940.0	4379.0	6.02756882	4.34890604
141940.0	4380.0	9.36801624	10.74312973
141940.0	4381.0	0.73824358	4.18248844
141940.0	4382.0	0.34497383	4.63442135
141950.0	4376.0	6.0458231	5.16702557
141950.0	4377.0	6.470819	5.01411867
141950.0	4378.0	6.85451412	4.22650719
141950.0	4379.0	6.02591705	4.34581423
141950.0	4380.0	9.35367393	10.75749016
141950.0	4381.0	0.738361	4.16158628
141950.0	4382.0	0.34160727	4.61104727
141960.0	4376.0	6.04954338	5.17027617
141960.0	4377.0	6.47454977	5.01737738
141960.0	4378.0	6.85825539	4.229774
141960.0	4379.0	6.0296526	4.34907675
141960.0	4380.0	9.26542854	10.69639301
141960.0	4381.0	0.74499637	4.16400433
141960.0	4382.0	0.34422207	4.61306429
141970.0	4376.0	6.04402685	5.17006969
141970.0	4377.0	6.46903467	5.01716471
141970.0	4378.0	6.8527236	4.22956133
141970.0	4379.0	6.02412748	4.34886456
141970.0	4380.0	9.41283989	10.82246113
141970.0	4381.0	0.6788041	4.14082718
141970.0	4382.0	0.2777364	4.59121799
141980.0	4376.0	6.04155827	5.16546249
141980.0	4377.0	6.4665556	5.01255131
141980.0	4378.0	6.85023975	4.22493362
141980.0	4379.0	6.02164698	4.34424353
141980.0	4380.0	9.40470695	10.95308971
141980.0	4381.0	0.6873008	4.06195545
141980.0	4382.0	0.28813434	4.5128684
141990.0	4376.0	6.04634523	5.15515089
141990.0	4377.0	6.47134447	5.00223541
141990.0	4378.0	6.85504436	4.21458435
141990.0	4379.0	6.02644444	4.33390856
141990.0	4380.0	9.47623253	11.02890968
141990.0	4381.0	0.72259468	3.99599338
141990.0	4382.0	0.32651842	4.44616556
142000.0	4383.0	6.0513854	5.16500902
142000.0	4384.0	6.47628546	5.0121088
142000.0	4385.0	6.86038542	4.22450876
142000.0	4386.0	6.03158522	4.34380865
142000.0	4387.0	9.7425127	10.03199291
142000.0	4388.0	1.39735079	4.40567684
142000.0	4389.0	0.99681169	4.86060143
142010.0	4383.0	6.05107117	5.1652174
142010.0	4384.0	6.47597122	5.01231718
142010.0	4385.0	6.86007118	4.22471714
142010.0	4386.0	6.03127098	4.34401703
142010.0	4387.0	9.7371006	10.04249477
142010.0	4388.0	1.33475161	4.41492224
142010.0	4389.0	0.93169963	4.87260056
142020.0	4383.0	6.05075359	5.16553688
142020.0	4384.0	6.47565365	5.01263857
142020.0	4385.0	6.85975361	4.22504616
142020.0	4386.0	6.03095341	4.34434271
142020.0	4387.0	9.67624664	10.06081009
142020.0	4388.0	1.38806403	4.42511463
142020.0	4389.0	0.98599184	4.88256025
142030.0	4383.0	6.05038261	5.1656065
142030.0	4384.0	6.47528172	5.0127058
142030.0	4385.0	6.85937786	4.22510386
142030.0	4386.0	6.03057909	4.34440422
142030.0	4387.0	9.6470089	10.01913738
142030.0	4388.0	1.36984265	4.38766909
142030.0	4389.0	0.96776599	4.8443799
142040.0	4383.0	6.05023909	5.16594362
142040.0	4384.0	6.47514105	5.01304531
142040.0	4385.0	6.85924864	4.22545195
142040.0	4386.0	6.0304451	4.34474897
142040.0	4387.0	9.59492493	10.07596588
142040.0	4388.0	1.34096241	4.36485577
142040.0	4389.0	0.93800175	4.82070637
142050.0	4383.0	6.04998493	5.16603994
142050.0	4384.0	6.47488785	5.01313925
142050.0	4385.0	6.85899973	4.22553873
142050.0	4386.0	6.03019428	4.34483862
142050.0	4387.0	9.52060032	10.10264969
142050.0	4388.0	1.37961125	4.35880375
142050.0	4389.0	0.97509241	4.81469679
142060.0	4383.0	6.0494833	5.16631746
142060.0	4384.0	6.47438288	5.01342058
142060.0	4385.0	6.85848188	4.22581959
142060.0	4386.0	6.02968216	4.34511757
142060.0	4387.0	9.47433281	10.13571453
142060.0	4388.0	1.37076163	4.34137964
142060.0	4389.0	0.96553481	4.79886055
142070.0	4383.0	6.04908943	5.16633081
142070.0	4384.0	6.47398663	5.01342773
142070.0	4385.0	6.85808277	4.22581911
142070.0	4386.0	6.02928543	4.34512281
142070.0	4387.0	9.46185398	10.17755795
142070.0	4388.0	1.36774409	4.32674074
142070.0	4389.0	0.96279615	4.78659248
142080.0	4383.0	6.04901457	5.16671991
142080.0	4384.0	6.47391939	5.01382256
142080.0	4385.0	6.8580246	4.22622108
142080.0	4386.0	6.0292201	4.34552002
142080.0	4387.0	9.44299126	10.22054386
142080.0	4388.0	1.371732	4.31939316
142080.0	4389.0	0.96772915	4.78198433
142090.0	4383.0	6.04878473	5.16677046
142090.0	4384.0	6.47369242	5.01386833
142090.0	4385.0	6.85780096	4.22626066
142090.0	4386.0	6.02899408	4.34556389
142090.0	4387.0	9.43484306	10.22779179
142090.0	4388.0	1.36234403	4.30208111
142090.0	4389.0	0.96002752	4.76657915
142100.0	4383.0	6.04821301	5.16685772
142100.0	4384.0	6.47311211	5.0139513
142100.0	4385.0	6.85721064	4.22633934
142100.0	4386.0	6.02841139	4.3456459
142100.0	4387.0	9.45476151	10.25066471
142100.0	4388.0	1.35477638	4.29361343
142100.0	4389.0	0.95512795	4.75798368
142110.0	4383.0	6.04789829	5.16706657
142110.0	4384.0	6.47279739	5.01416016
142110.0	4385.0	6.8568964	4.22654772
142110.0	4386.0	6.02809668	4.34585476
142110.0	4387.0	9.46769524	10.26894951
142110.0	4388.0	1.3561945	4.28653193
142110.0	4389.0	0.95972508	4.74933434
142120.0	4383.0	6.04758358	5.16727495
142120.0	4384.0	6.47248316	5.01436853
142120.0	4385.0	6.85658169	4.22675657
142120.0	4386.0	6.02778196	4.34606314
142120.0	4387.0	9.46921253	10.27186394
142120.0	4388.0	1.35406387	4.28064728
142120.0	4389.0	0.95814914	4.7390399
142130.0	4383.0	6.04726887	5.16748381
142130.0	4384.0	6.47216845	5.01457739
142130.0	4385.0	6.85626698	4.22696495
142130.0	4386.0	6.02746773	4.34627199
142130.0	4387.0	9.46889877	10.27207184
142130.0	4388.0	1.35115778	4.27950478
142130.0	4389.0	0.95296478	4.73408127
142140.0	4383.0	6.04692364	5.16900063
142140.0	4384.0	6.47182274	5.01610565
142140.0	4385.0	6.85592127	4.22849703
142140.0	4386.0	6.02712202	4.34780216
142140.0	4387.0	9.46858406	10.27228069
142140.0	4388.0	1.3475045	4.27819252
142140.0	4389.0	0.94568014	4.73040199
142150.0	4383.0	6.04594374	5.1675663
142150.0	4384.0	6.47083664	5.01465702
142150.0	4385.0	6.85493374	4.22704411
142150.0	4386.0	6.02613497	4.34635115
142150.0	4387.0	9.46521187	10.29430389
142150.0	4388.0	1.35339177	4.25978613
142150.0	4389.0	0.94823062	4.71147013
142160.0	4383.0	6.04764509	5.16929531
142160.0	4384.0	6.47255611	5.01639938
142160.0	4385.0	6.85665798	4.22879028
142160.0	4386.0	6.0278573	4.34809542
142160.0	4387.0	9.38170528	10.23844433
142160.0	4388.0	1.35784233	4.25931215
142160.0	4389.0	0.95086807	4.71244287
142170.0	4383.0	6.04291391	5.16991138
142170.0	4384.0	6.46783066	5.01700401
142170.0	4385.0	6.85191488	4.22939825
142170.0	4386.0	6.02312088	4.34870243
142170.0	4387.0	9.49711514	10.33330345
142170.0	4388.0	1.29227674	4.23663807
142170.0	4389.0	0.88678318	4.69086599
142180.0	4383.0	6.04212046	5.16695452
142180.0	4384.0	6.46701813	5.01403809
142180.0	4385.0	6.85110331	4.22642136
142180.0	4386.0	6.0223093	4.3457303
142180.0	4387.0	9.50023079	10.4321537
142180.0	4388.0	1.29902112	4.15950632
142180.0	4389.0	0.89597601	4.61031199
142190.0	4383.0	6.04575348	5.15902138
142190.0	4384.0	6.47065163	5.00610447
142190.0	4385.0	6.85475206	4.21845675
142190.0	4386.0	6.02595186	4.33777761
142190.0	4387.0	9.56776047	10.5020752
142190.0	4388.0	1.34000468	4.09128857
142190.0	4389.0	0.93938953	4.54125166
142200.0	4390.0	6.05078506	5.16500902
142200.0	4391.0	6.47568512	5.0121088
142200.0	4392.0	6.85998535	4.22450876
142200.0	4393.0	6.03118515	4.34380865
142200.0	4394.0	9.69575214	9.51652336
142200.0	4395.0	2.01104116	4.51518679
142200.0	4396.0	1.60469937	4.98285103
142210.0	4390.0	6.05047083	5.1652174
142210.0	4391.0	6.47537088	5.01231718
142210.0	4392.0	6.85967112	4.22471714
142210.0	4393.0	6.03087091	4.34401703
142210.0	4394.0	9.68391705	9.51387119
142210.0	4395.0	1.96546209	4.5126009
142210.0	4396.0	1.55757093	4.98165751
142220.0	4390.0	6.05015612	5.16542625
142220.0	4391.0	6.47505617	5.01252604
142220.0	4392.0	6.8593564	4.22492599
142220.0	4393.0	6.0305562	4.34422588
142220.0	4394.0	9.60740089	9.57403374
142220.0	4395.0	1.99546242	4.52815247
142220.0	4396.0	1.59169924	4.99627972
142230.0	4390.0	6.0498414	5.16563463
142230.0	4391.0	6.47474146	5.01273441
142230.0	4392.0	6.85904169	4.22513437
142230.0	4393.0	6.03024149	4.34443426
142230.0	4394.0	9.56073666	9.57019329
142230.0	4395.0	1.98216593	4.49608135
142230.0	4396.0	1.57672548	4.96263981
142240.0	4390.0	6.04952669	5.16584349
142240.0	4391.0	6.47442675	5.01294327
142240.0	4392.0	6.85872698	4.22534323
142240.0	4393.0	6.02992678	4.34464312
142240.0	4394.0	9.56813526	9.61136436
142240.0	4395.0	1.95246994	4.4759903
142240.0	4396.0	1.5454036	4.94234657
142250.0	4390.0	6.04921246	5.16605186
142250.0	4391.0	6.47411251	5.01315165
142250.0	4392.0	6.85841274	4.22555161
142250.0	4393.0	6.02961254	4.34485149
142250.0	4394.0	9.55706882	9.64588928
142250.0	4395.0	1.99010122	4.46946526
142250.0	4396.0	1.58214438	4.93714857
142260.0	4390.0	6.04889774	5.16626072
142260.0	4391.0	6.4737978	5.0133605
142260.0	4392.0	6.85809803	4.22576046
142260.0	4393.0	6.02929783	4.34506035
142260.0	4394.0	9.54118919	9.65636444
142260.0	4395.0	1.98592913	4.45126104
142260.0	4396.0	1.57771564	4.92155504
142270.0	4390.0	6.04858303	5.1664691
142270.0	4391.0	6.47348309	5.01356888
142270.0	4392.0	6.85778332	4.22596884
142270.0	4393.0	6.02898312	4.34526873
142270.0	4394.0	9.53612518	9.67755413
142270.0	4395.0	1.97800863	4.43619537
142270.0	4396.0	1.57132804	4.90980864
142280.0	4390.0	6.04826832	5.16667795
142280.0	4391.0	6.47316837	5.01377773
142280.0	4392.0	6.85746861	4.22617769
142280.0	4393.0	6.0286684	4.34547758
142280.0	4394.0	9.54303741	9.69519806
142280.0	4395.0	1.97411704	4.42396069
142280.0	4396.0	1.56931496	4.89962339
142290.0	4390.0	6.04795408	5.16688633
142290.0	4391.0	6.47285414	5.01398611
142290.0	4392.0	6.85715437	4.22638607
142290.0	4393.0	6.02835417	4.34568596
142290.0	4394.0	9.5580368	9.71319008
142290.0	4395.0	1.9697206	4.41333151
142290.0	4396.0	1.56765509	4.88898659
142300.0	4390.0	6.04763937	5.16709518
142300.0	4391.0	6.47253942	5.01419497
142300.0	4392.0	6.85683966	4.22659492
142300.0	4393.0	6.02803946	4.34589481
142300.0	4394.0	9.56803036	9.72713375
142300.0	4395.0	1.96640623	4.4038353
142300.0	4396.0	1.56763756	4.87797308
142310.0	4390.0	6.04732466	5.16730404
142310.0	4391.0	6.47222471	5.01440382
142310.0	4392.0	6.85652494	4.22680378
142310.0	4393.0	6.02772474	4.34610367
142310.0	4394.0	9.56954765	9.73004818
142310.0	4395.0	1.96435714	4.39804268
142310.0	4396.0	1.56614125	4.86787605
142320.0	4390.0	6.04701042	5.16751242
142320.0	4391.0	6.47191048	5.0146122
142320.0	4392.0	6.85621071	4.22701216
142320.0	4393.0	6.02741051	4.34631205
142320.0	4394.0	9.56923389	9.73025703
142320.0	4395.0	1.96132433	4.39250088
142320.0	4396.0	1.56077182	4.8582468
142330.0	4390.0	6.04669571	5.16772127
142330.0	4391.0	6.47159576	5.01482105
142330.0	4392.0	6.855896	4.22722101
142330.0	4393.0	6.02709579	4.3465209
142330.0	4394.0	9.56891918	9.73046494
142330.0	4395.0	1.95977187	4.38946486
142330.0	4396.0	1.55582035	4.85280228
142340.0	4390.0	6.04637098	5.16836262
142340.0	4391.0	6.47127104	5.01546812
142340.0	4392.0	6.85557079	4.22787666
142340.0	4393.0	6.02677059	4.34717226
142340.0	4394.0	9.56860447	9.73067379
142340.0	4395.0	1.96257353	4.38798475
142340.0	4396.0	1.55529261	4.85157156
142350.0	4390.0	6.04583597	5.16802788
142350.0	4391.0	6.47073317	5.01512575
142350.0	4392.0	6.85502863	4.2275238
142350.0	4393.0	6.02623081	4.34682465
142350.0	4394.0	9.56779289	9.75342941
142350.0	4395.0	1.96657133	4.37017965
142350.0	4396.0	1.55818784	4.83322048
142360.0	4390.0	6.04618835	5.16873932
142360.0	4391.0	6.47109461	5.01584435
142360.0	4392.0	6.85540342	4.22825193
142360.0	4393.0	6.02659845	4.34754801
142360.0	4394.0	9.49821472	9.70698452
142360.0	4395.0	1.96042538	4.3629446
142360.0	4396.0	1.55419636	4.82935715
142370.0	4390.0	6.04020977	5.170506
142370.0	4391.0	6.46511555	5.01760626
142370.0	4392.0	6.84941101	4.23001146
142370.0	4393.0	6.02061224	4.34930849
142370.0	4394.0	9.58247757	9.77994728
142370.0	4395.0	1.90019703	4.34666061
142370.0	4396.0	1.49412918	4.81192112
142380.0	4390.0	6.04111862	5.16791248
142380.0	4391.0	6.46601582	5.01500654
142380.0	4392.0	6.85030317	4.22739792
142380.0	4393.0	6.02150917	4.34670258
142380.0	4394.0	9.59795475	9.86139393
142380.0	4395.0	1.91224813	4.27260876
142380.0	4396.0	1.50583375	4.73533154
142390.0	4390.0	6.04534435	5.15875816
142390.0	4391.0	6.47024393	5.0058465
142390.0	4392.0	6.85454512	4.21820927
142390.0	4393.0	6.02574444	4.33752728
142390.0	4394.0	9.66586304	9.93220043
142390.0	4395.0	1.94885182	4.20568132
142390.0	4396.0	1.54449582	4.66828346
142400.0	4397.0	6.05038548	5.16530895
142400.0	4398.0	6.47528505	5.0121088
142400.0	4399.0	6.85978508	4.22450876
142400.0	4400.0	6.03078508	4.34380865
142400.0	4401.0	9.66165829	9.00371552
142400.0	4402.0	2.59754562	4.66569567
142400.0	4403.0	2.20590425	5.16358185
142410.0	4397.0	6.05007124	5.16551733
142410.0	4398.0	6.47497082	5.01231718
142410.0	4399.0	6.85947084	4.22471714
142410.0	4400.0	6.03047085	4.34401703
142410.0	4401.0	9.65401173	9.00551033
142410.0	4402.0	2.55871415	4.66005802
142410.0	4403.0	2.17388344	5.15557718
142420.0	4397.0	6.04975653	5.16572618
142420.0	4398.0	6.47465611	5.01252604
142420.0	4399.0	6.85915613	4.22492599
142420.0	4400.0	6.03015614	4.34422588
142420.0	4401.0	9.54668331	9.0966568
142420.0	4402.0	2.59359455	4.67395306
142420.0	4403.0	2.20782828	5.16778946
142430.0	4397.0	6.04943371	5.16627693
142430.0	4398.0	6.47433329	5.0130806
142430.0	4399.0	6.85883331	4.22548485
142430.0	4400.0	6.02983332	4.34478283
142430.0	4401.0	9.51124859	9.07329178
142430.0	4402.0	2.57820344	4.64245987
142430.0	4403.0	2.19243193	5.13646078
142440.0	4397.0	6.04894495	5.16605568
142440.0	4398.0	6.47384262	5.01285458
142440.0	4399.0	6.85834026	4.22525358
142440.0	4400.0	6.02934122	4.34455395
142440.0	4401.0	9.53827	9.13286209
142440.0	4402.0	2.55357957	4.61987352
142440.0	4403.0	2.16619492	5.1158824
142450.0	4397.0	6.0491581	5.16666222
142450.0	4398.0	6.47406149	5.0134654
142450.0	4399.0	6.85856581	4.22586918
142450.0	4400.0	6.0295639	4.34516716
142450.0	4401.0	9.52412033	9.16485882
142450.0	4402.0	2.59377384	4.61331606
142450.0	4403.0	2.20602489	5.11151886
142460.0	4397.0	6.0490303	5.16652298
142460.0	4398.0	6.4739356	5.01332235
142460.0	4399.0	6.85844231	4.22572184
142460.0	4400.0	6.02943945	4.3450222
142460.0	4401.0	9.5041666	9.16339588
142460.0	4402.0	2.58506608	4.59377193
142460.0	4403.0	2.19784451	5.09503222
142470.0	4397.0	6.04814911	5.16646385
142470.0	4398.0	6.47304821	5.01326036
142470.0	4399.0	6.85754776	4.22565651
142470.0	4400.0	6.02854776	4.34495831
142470.0	4401.0	9.51552963	9.18019676
142470.0	4402.0	2.56964087	4.57589436
142470.0	4403.0	2.18422389	5.07939291
142480.0	4397.0	6.0478344	5.16667271
142480.0	4398.0	6.4727335	5.01346922
142480.0	4399.0	6.85723305	4.22586489
142480.0	4400.0	6.02823353	4.34516668
142480.0	4401.0	9.53430653	9.20462036
142480.0	4402.0	2.56844831	4.56909513
142480.0	4403.0	2.18631291	5.07296944
142490.0	4397.0	6.04751968	5.16688108
142490.0	4398.0	6.47241879	5.0136776
142490.0	4399.0	6.85691833	4.22607374
142490.0	4400.0	6.02791882	4.34537554
142490.0	4401.0	9.54171085	9.21526527
142490.0	4402.0	2.56812239	4.55949163
142490.0	4403.0	2.18944526	5.06180811
142500.0	4397.0	6.04720497	5.16708994
142500.0	4398.0	6.47210455	5.01388645
142500.0	4399.0	6.8566041	4.22628212
142500.0	4400.0	6.0276041	4.34558392
142500.0	4401.0	9.54258251	9.21722507
142500.0	4402.0	2.56408525	4.55277777
142500.0	4403.0	2.18581772	5.05068541
142510.0	4397.0	6.04689074	5.16729832
142510.0	4398.0	6.47178984	5.01409483
142510.0	4399.0	6.85628939	4.22649097
142510.0	4400.0	6.02728939	4.34579277
142510.0	4401.0	9.5422678	9.21743393
142510.0	4402.0	2.56107306	4.54625368
142510.0	4403.0	2.1804781	5.04030991
142520.0	4397.0	6.04657602	5.16750717
142520.0	4398.0	6.47147512	5.01430368
142520.0	4399.0	6.85597467	4.22669983
142520.0	4400.0	6.02697515	4.34600115
142520.0	4401.0	9.54195309	9.21764183
142520.0	4402.0	2.56014323	4.54050159
142520.0	4403.0	2.17598772	5.03186131
142530.0	4397.0	6.04626131	5.16771555
142530.0	4398.0	6.47116089	5.01451206
142530.0	4399.0	6.85566044	4.22690821
142530.0	4400.0	6.02666044	4.34621
142530.0	4401.0	9.54163933	9.21785069
142530.0	4402.0	2.56363726	4.5358758
142530.0	4403.0	2.17644286	5.02742004
142540.0	4397.0	6.04592466	5.1688652
142540.0	4398.0	6.47082376	5.01566505
142540.0	4399.0	6.85532331	4.22806835
142540.0	4400.0	6.0263238	4.34736776
142540.0	4401.0	9.54132462	9.21805954
142540.0	4402.0	2.56424069	4.5355773
142540.0	4403.0	2.1762774	5.02682114
142550.0	4397.0	6.04513168	5.16789246
142550.0	4398.0	6.47002888	5.01468801
142550.0	4399.0	6.85452461	4.22708225
142550.0	4400.0	6.02552605	4.34638405
142550.0	4401.0	9.53719044	9.23500156
142550.0	4402.0	2.55918694	4.51158953
142550.0	4403.0	2.17363405	5.00539875
142560.0	4397.0	6.04626703	5.16919422
142560.0	4398.0	6.47116947	5.0159936
142560.0	4399.0	6.85567665	4.22839642
142560.0	4400.0	6.02667475	4.3476963
142560.0	4401.0	9.46903706	9.18590927
142560.0	4402.0	2.55708718	4.50994825
142560.0	4403.0	2.17158127	5.00362062
142570.0	4397.0	6.04239511	5.16982508
142570.0	4398.0	6.46729898	5.01662159
142570.0	4399.0	6.85179281	4.2290225
142570.0	4400.0	6.02279663	4.34832191
142570.0	4401.0	9.53582096	9.2576561
142570.0	4402.0	2.50127244	4.49486971
142570.0	4403.0	2.11567903	4.98863029
142580.0	4397.0	6.04186153	5.16759825
142580.0	4398.0	6.46675968	5.0143919
142580.0	4399.0	6.85124731	4.22677994
142580.0	4400.0	6.02225208	4.34608412
142580.0	4401.0	9.54728508	9.34000206
142580.0	4402.0	2.50985336	4.42295647
142580.0	4403.0	2.12482834	4.91556549
142590.0	4397.0	6.04467869	5.16134739
142590.0	4398.0	6.46957779	5.00813961
142590.0	4399.0	6.85407829	4.22050142
142590.0	4400.0	6.0250783	4.33981562
142590.0	4401.0	9.61636162	9.41098022
142590.0	4402.0	2.54401946	4.35578156
142590.0	4403.0	2.16157866	4.84748745
