140800.0	4346.0	6.05779791	5.16335583
140800.0	4347.0	6.48288536	5.01113272
140800.0	4348.0	6.86518335	4.22346115
140800.0	4349.0	6.03731632	4.34278202
140800.0	4350.0	6.76370287	6.84102106
140810.0	4346.0	6.06147432	5.16277027
140810.0	4347.0	6.48658609	5.01058578
140810.0	4348.0	6.86902905	4.22309875
140810.0	4349.0	6.04111624	4.3423624
140810.0	4350.0	6.57029247	6.95550394
140820.0	4346.0	6.06523418	5.16241264
140820.0	4347.0	6.49033356	5.01021719
140820.0	4348.0	6.8727951	4.22275782
140820.0	4349.0	6.04487419	4.3420105
140820.0	4350.0	6.38846684	7.04446507
140830.0	4346.0	6.06852484	5.16155767
140830.0	4347.0	6.49362373	5.00936222
140830.0	4348.0	6.87608576	4.22190285
140830.0	4349.0	6.04816484	4.34115553
140830.0	4350.0	6.23225784	7.19254971
140840.0	4346.0	6.07181549	5.16070271
140840.0	4347.0	6.49691439	5.00850677
140840.0	4348.0	6.87937593	4.22104788
140840.0	4349.0	6.05145502	4.34030056
140840.0	4350.0	6.07069826	7.33339453
140850.0	4346.0	6.07510567	5.15984774
140850.0	4347.0	6.50020504	5.00765181
140850.0	4348.0	6.88266659	4.22019291
140850.0	4349.0	6.05474567	4.33944559
140850.0	4350.0	5.91347933	7.45427895
140860.0	4346.0	6.07839632	5.15899229
140860.0	4347.0	6.50349522	5.00679684
140860.0	4348.0	6.88595724	4.21933794
140860.0	4349.0	6.05803633	4.33859062
140860.0	4350.0	5.75634003	7.55999088
140870.0	4346.0	6.08168697	5.15813732
140870.0	4347.0	6.50678587	5.00594187
140870.0	4348.0	6.88924742	4.21848249
140870.0	4349.0	6.0613265	4.33773565
140870.0	4350.0	5.60468864	7.65336466
140880.0	4346.0	6.08497763	5.15728235
140880.0	4347.0	6.51007652	5.0050869
140880.0	4348.0	6.89253807	4.21762753
140880.0	4349.0	6.06461716	4.33688068
140880.0	4350.0	5.4575572	7.74030972
140890.0	4346.0	6.0882678	5.15642738
140890.0	4347.0	6.5133667	5.00423193
140890.0	4348.0	6.89582872	4.21677256
140890.0	4349.0	6.06790781	4.33602571
140890.0	4350.0	5.3095274	7.82911253
140900.0	4346.0	6.09155846	5.15557241
140900.0	4347.0	6.51665735	5.00337696
140900.0	4348.0	6.8991189	4.21591759
140900.0	4349.0	6.07119799	4.33517075
140900.0	4350.0	5.16081476	7.92029524
140910.0	4346.0	6.09484911	5.15471745
140910.0	4347.0	6.51994801	5.00252199
140910.0	4348.0	6.90240955	4.21506262
140910.0	4349.0	6.07448864	4.33431578
140910.0	4350.0	5.02073765	8.0056324
140920.0	4346.0	6.09813929	5.15386248
140920.0	4347.0	6.52323818	5.00166702
140920.0	4348.0	6.90570021	4.21420765
140920.0	4349.0	6.07777929	4.33346033
140920.0	4350.0	4.87509346	8.05432129
140930.0	4346.0	6.08891821	5.1199584
140930.0	4347.0	6.51404381	4.96783066
140930.0	4348.0	6.89671135	4.18045664
140930.0	4349.0	6.0687232	4.29967928
140930.0	4350.0	4.66743374	7.98925114
140940.0	4346.0	6.08987045	5.08849812
140940.0	4347.0	6.5151124	4.93637896
140940.0	4348.0	6.89809704	4.14910936
140940.0	4349.0	6.0699954	4.26828575
140940.0	4350.0	4.45729065	7.93529844
140950.0	4346.0	6.07763863	5.06971836
140950.0	4347.0	6.50285864	4.9175086
140950.0	4348.0	6.88605833	4.13027334
140950.0	4349.0	6.05788136	4.24943447
140950.0	4350.0	4.24659872	7.9546876
140960.0	4346.0	6.08517551	5.06353951
140960.0	4347.0	6.51039362	4.91131783
140960.0	4348.0	6.89391613	4.12404394
140960.0	4349.0	6.06562471	4.24322224
140960.0	4350.0	4.11947584	7.9883275
140970.0	4346.0	6.13627815	5.07145309
140970.0	4347.0	6.56149721	4.91919804
140970.0	4348.0	6.9453969	4.13187551
140970.0	4349.0	6.11697626	4.25106812
140970.0	4350.0	4.03326464	8.0018158
140980.0	4346.0	6.19331646	5.07200909
140980.0	4347.0	6.6185832	4.91986465
140980.0	4348.0	7.0029459	4.1324501
140980.0	4349.0	6.17435646	4.25167608
140980.0	4350.0	3.92746735	8.04860783
140990.0	4346.0	6.27237606	5.07265329
140990.0	4347.0	6.69773626	4.9203825
140990.0	4348.0	7.08263206	4.13277817
140990.0	4349.0	6.25385523	4.2520895
140990.0	4350.0	3.84234977	8.14141273
141000.0	4351.0	6.05769062	5.16354513
141000.0	4352.0	6.48289061	5.01104498
141000.0	4353.0	6.86549044	4.22344494
141000.0	4354.0	6.03729057	4.34274483
141000.0	4355.0	6.33945036	7.03445435
141000.0	4356.0	9.70471191	12.28791714
141010.0	4351.0	6.0609808	5.16269016
141010.0	4352.0	6.48618078	5.01019001
141010.0	4353.0	6.86878061	4.22258997
141010.0	4354.0	6.04058075	4.34188986
141010.0	4355.0	6.14159107	7.14047766
141010.0	4356.0	9.72593689	12.30709267
141020.0	4351.0	6.06427145	5.16183519
141020.0	4352.0	6.48947144	5.00933504
141020.0	4353.0	6.87207127	4.221735
141020.0	4354.0	6.0438714	4.34103489
141020.0	4355.0	5.94546938	7.22521162
141020.0	4356.0	9.72790909	12.30052567
141030.0	4351.0	6.0675621	5.16098022
141030.0	4352.0	6.49276209	5.00848007
141030.0	4353.0	6.87536192	4.22088003
141030.0	4354.0	6.04716206	4.34017992
141030.0	4355.0	5.784235	7.37391996
141030.0	4356.0	9.73290539	12.29753685
141040.0	4351.0	6.07085228	5.16012478
141040.0	4352.0	6.49605227	5.00762463
141040.0	4353.0	6.8786521	4.22002459
141040.0	4354.0	6.05045223	4.33932447
141040.0	4355.0	5.61802673	7.51630545
141040.0	4356.0	9.73867893	12.29547787
141050.0	4351.0	6.07414293	5.15926981
141050.0	4352.0	6.49934292	5.00676966
141050.0	4353.0	6.88194275	4.21916962
141050.0	4354.0	6.05374289	4.33846951
141050.0	4355.0	5.4538331	7.64219761
141050.0	4356.0	9.74315739	12.29401684
141060.0	4351.0	6.07743359	5.15841484
141060.0	4352.0	6.50263357	5.00591469
141060.0	4353.0	6.8852334	4.21831465
141060.0	4354.0	6.05703354	4.33761454
141060.0	4355.0	5.28584194	7.75258541
141060.0	4356.0	9.74146748	12.29259872
141070.0	4351.0	6.08072424	5.15755987
141070.0	4352.0	6.50592422	5.00505972
141070.0	4353.0	6.88852406	4.21745968
141070.0	4354.0	6.06032419	4.33675957
141070.0	4355.0	5.1232152	7.85001087
141070.0	4356.0	9.72141266	12.29000854
141080.0	4351.0	6.08401442	5.1567049
141080.0	4352.0	6.5092144	5.00420475
141080.0	4353.0	6.89181423	4.21660471
141080.0	4354.0	6.06361437	4.3359046
141080.0	4355.0	4.96659851	7.94183111
141080.0	4356.0	9.68130493	12.28871727
141090.0	4351.0	6.08730507	5.15584993
141090.0	4352.0	6.51250505	5.00334978
141090.0	4353.0	6.89510489	4.21574974
141090.0	4354.0	6.06690502	4.33504963
141090.0	4355.0	4.80636883	8.03833199
141090.0	4356.0	9.61441326	12.29343128
141100.0	4351.0	6.09059572	5.15499496
141100.0	4352.0	6.51579571	5.00249481
141100.0	4353.0	6.89839554	4.21489477
141100.0	4354.0	6.07019567	4.33419466
141100.0	4355.0	4.64578485	8.1353693
141100.0	4356.0	9.50965691	12.3097496
141110.0	4351.0	6.0938859	5.15414
141110.0	4352.0	6.51908588	5.00163984
141110.0	4353.0	6.90168571	4.2140398
141110.0	4354.0	6.07348585	4.33333969
141110.0	4355.0	4.50025368	8.22318077
141110.0	4356.0	9.36198235	12.34464264
141120.0	4351.0	6.09717655	5.15328503
141120.0	4352.0	6.52237654	5.00078487
141120.0	4353.0	6.90497637	4.21318483
141120.0	4354.0	6.0767765	4.33248472
141120.0	4355.0	4.35441303	8.27519035
141120.0	4356.0	9.13915348	12.32885361
141130.0	4351.0	6.09271431	5.11703062
141130.0	4352.0	6.5183754	4.96501112
141130.0	4353.0	6.90127897	4.17748022
141130.0	4354.0	6.07295847	4.29676104
141130.0	4355.0	4.1702261	8.25321674
141130.0	4356.0	8.72898483	12.11776638
141140.0	4351.0	6.09474182	5.07935286
141140.0	4352.0	6.52087116	4.92781305
141140.0	4353.0	6.90414858	4.14031744
141140.0	4354.0	6.075665	4.25957298
141140.0	4355.0	4.00230408	8.24472046
141140.0	4356.0	8.21237946	11.91498756
141150.0	4351.0	6.09005356	5.05981445
141150.0	4352.0	6.5168829	4.90850067
141150.0	4353.0	6.90058136	4.12101889
141150.0	4354.0	6.0719285	4.24026251
141150.0	4355.0	3.84016085	8.27704906
141150.0	4356.0	7.68981791	11.78748608
141160.0	4351.0	6.10063601	5.05085087
141160.0	4352.0	6.52805996	4.89962339
141160.0	4353.0	6.9120369	4.11205053
141160.0	4354.0	6.08326435	4.23133183
141160.0	4355.0	3.73902178	8.30938911
141160.0	4356.0	7.3584137	11.6312809
141170.0	4351.0	6.16018248	5.05929232
141170.0	4352.0	6.58800745	4.90816975
141170.0	4353.0	6.97247887	4.12064219
141170.0	4354.0	6.14346218	4.23989916
141170.0	4355.0	3.66736436	8.33052349
141170.0	4356.0	7.0781827	11.44321156
141180.0	4351.0	6.22496033	5.05564213
141180.0	4352.0	6.65338993	4.90459108
141180.0	4353.0	7.03827	4.11700583
141180.0	4354.0	6.20905924	4.23629093
141180.0	4355.0	3.57863259	8.37581348
141180.0	4356.0	6.66379738	11.28160572
141190.0	4351.0	6.31289244	5.05849266
141190.0	4352.0	6.74211836	4.90730572
141190.0	4353.0	7.12756109	4.11964607
141190.0	4354.0	6.29807329	4.23897314
141190.0	4355.0	3.51399422	8.46598625
141190.0	4356.0	6.38227081	11.20766449
141200.0	4357.0	6.05709076	5.16354513
141200.0	4358.0	6.48229074	5.01104498
141200.0	4359.0	6.86529064	4.22344494
141200.0	4360.0	6.03689051	4.34274483
141200.0	4361.0	5.90349436	7.19101286
141200.0	4362.0	9.72036648	11.83916664
141210.0	4357.0	6.06038094	5.16269016
141210.0	4358.0	6.48558092	5.01019001
141210.0	4359.0	6.86858082	4.22258997
141210.0	4360.0	6.04018068	4.34188986
141210.0	4361.0	5.70354414	7.29683018
141210.0	4362.0	9.74438953	11.8568697
141220.0	4357.0	6.06367159	5.16183519
141220.0	4358.0	6.48887157	5.00933504
141220.0	4359.0	6.87187147	4.221735
141220.0	4360.0	6.04347134	4.34103489
141220.0	4361.0	5.50986624	7.38125706
141220.0	4362.0	9.75404072	11.84719181
141230.0	4357.0	6.06696224	5.16098022
141230.0	4358.0	6.49216223	5.00848007
141230.0	4359.0	6.87516212	4.22088003
141230.0	4360.0	6.04676199	4.34017992
141230.0	4361.0	5.35338688	7.52675295
141230.0	4362.0	9.76260376	11.83914471
141240.0	4357.0	6.07025242	5.16012478
141240.0	4358.0	6.4954524	5.00762463
141240.0	4359.0	6.8784523	4.22002459
141240.0	4360.0	6.05005217	4.33932447
141240.0	4361.0	5.19036007	7.66674995
141240.0	4362.0	9.7692976	11.83732605
141250.0	4357.0	6.07354307	5.15926981
141250.0	4358.0	6.49874306	5.00676966
141250.0	4359.0	6.88174295	4.21916962
141250.0	4360.0	6.05334282	4.33846951
141250.0	4361.0	5.0266943	7.79151869
141250.0	4362.0	9.77017975	11.83528709
141260.0	4357.0	6.07683372	5.15841484
141260.0	4358.0	6.50203371	5.00591469
141260.0	4359.0	6.88503361	4.21831465
141260.0	4360.0	6.05663347	4.33761454
141260.0	4361.0	4.86376667	7.89864063
141260.0	4362.0	9.75036716	11.83048344
141270.0	4357.0	6.08012438	5.15755987
141270.0	4358.0	6.50532436	5.00505972
141270.0	4359.0	6.88832426	4.21745968
141270.0	4360.0	6.05992413	4.33675957
141270.0	4361.0	4.70654058	7.993258
141270.0	4362.0	9.7098341	11.8281126
141280.0	4357.0	6.08341455	5.1567049
141280.0	4358.0	6.50861454	5.00420475
141280.0	4359.0	6.89161444	4.21660471
141280.0	4360.0	6.0632143	4.3359046
141280.0	4361.0	4.55184793	8.08691311
141280.0	4362.0	9.64275742	11.83290482
141290.0	4357.0	6.08670521	5.15584993
141290.0	4358.0	6.51190519	5.00334978
141290.0	4359.0	6.89490509	4.21574974
141290.0	4360.0	6.06650496	4.33504963
141290.0	4361.0	4.39639091	8.1813345
141290.0	4362.0	9.53846455	11.84934139
141300.0	4357.0	6.08999586	5.15499496
141300.0	4358.0	6.51519585	5.00249481
141300.0	4359.0	6.89819574	4.21489477
141300.0	4360.0	6.06979561	4.33419466
141300.0	4361.0	4.25143242	8.26655197
141300.0	4362.0	9.3908329	11.8827343
141310.0	4357.0	6.09328604	5.15414
141310.0	4358.0	6.51848602	5.00163984
141310.0	4359.0	6.90148592	4.2140398
141310.0	4360.0	6.07308578	4.33333969
141310.0	4361.0	4.12055397	8.33700275
141310.0	4362.0	9.21074963	11.93545914
141320.0	4357.0	6.09657669	5.15328503
141320.0	4358.0	6.52177668	5.00078487
141320.0	4359.0	6.90477657	4.21318483
141320.0	4360.0	6.07637644	4.33248472
141320.0	4361.0	4.00613832	8.39442444
141320.0	4362.0	8.96557617	11.94305706
141330.0	4357.0	6.08567524	5.11880493
141330.0	4358.0	6.51078367	4.96626425
141330.0	4359.0	6.89408875	4.17875099
141330.0	4360.0	6.06554174	4.29800272
141330.0	4361.0	3.85466599	8.3775177
141330.0	4362.0	8.51668262	11.73717594
141340.0	4357.0	6.08366251	5.0870738
141340.0	4358.0	6.50876713	4.93448114
141340.0	4359.0	6.8924861	4.14702225
141340.0	4360.0	6.06374788	4.26623964
141340.0	4361.0	3.72583389	8.37421989
141340.0	4362.0	7.97913837	11.54795551
141350.0	4357.0	6.07021523	5.06804228
141350.0	4358.0	6.49522161	4.91534424
141350.0	4359.0	6.8792057	4.12789869
141350.0	4360.0	6.05033684	4.24710083
141350.0	4361.0	3.5867877	8.38547325
141350.0	4362.0	7.43015957	11.44556427
141360.0	4357.0	6.0758791	5.05996656
141360.0	4358.0	6.50085592	4.90722942
141360.0	4359.0	6.88519621	4.11978579
141360.0	4360.0	6.05615425	4.23898363
141360.0	4361.0	3.49634719	8.38670158
141360.0	4362.0	7.09263802	11.34176064
141370.0	4357.0	6.12924623	5.06717253
141370.0	4358.0	6.55432606	4.91437721
141370.0	4359.0	6.93908167	4.12692404
141370.0	4360.0	6.10984087	4.24612665
141370.0	4361.0	3.43412924	8.37298584
141370.0	4362.0	6.82568073	11.19923782
141380.0	4357.0	6.18777514	5.06233406
141380.0	4358.0	6.61294174	4.90945578
141380.0	4359.0	6.99815607	4.12201405
141380.0	4360.0	6.16869736	4.24121284
141380.0	4361.0	3.35226583	8.3644886
141380.0	4362.0	6.44614649	11.09606552
141390.0	4357.0	6.26862717	5.05862379
141390.0	4358.0	6.69393969	4.90557241
141390.0	4359.0	7.07971478	4.11810684
141390.0	4360.0	6.2499876	4.23731279
141390.0	4361.0	3.28186274	8.38970757
141390.0	4362.0	6.17874718	11.06021881
141400.0	4363.0	6.056633	5.16379786
141400.0	4364.0	6.481534	5.01109743
141400.0	4365.0	6.86481047	4.22351933
141400.0	4366.0	6.03642082	4.3428092
141400.0	4367.0	5.45935011	7.31471968
141400.0	4368.0	9.73559666	11.39103031
141410.0	4363.0	6.05996323	5.16294003
141410.0	4364.0	6.48486376	5.0102396
141410.0	4365.0	6.86815643	4.22266006
141410.0	4366.0	6.03975964	4.34195089
141410.0	4367.0	5.2546773	7.43096113
141410.0	4368.0	9.76134682	11.40651226
141420.0	4363.0	6.06336069	5.16219521
141420.0	4364.0	6.48825979	5.00949383
141420.0	4365.0	6.87159586	4.22195864
141420.0	4366.0	6.04317951	4.34122896
141420.0	4367.0	5.06309319	7.52112627
141420.0	4368.0	9.77488327	11.39371395
141430.0	4363.0	6.06665134	5.16134024
141430.0	4364.0	6.49155045	5.00863886
141430.0	4365.0	6.87488651	4.22110367
141430.0	4366.0	6.04646969	4.34037399
141430.0	4367.0	4.90616035	7.66988945
141430.0	4368.0	9.78002644	11.38587666
141440.0	4363.0	6.06994152	5.16048527
141440.0	4364.0	6.4948411	5.00778341
141440.0	4365.0	6.87817717	4.2202487
141440.0	4366.0	6.04976034	4.33951902
141440.0	4367.0	4.74097061	7.811028
141440.0	4368.0	9.7820816	11.38499165
141450.0	4363.0	6.07323217	5.1596303
141450.0	4364.0	6.49813128	5.00692844
141450.0	4365.0	6.88146734	4.21939373
141450.0	4366.0	6.05305099	4.33866405
141450.0	4367.0	4.57444096	7.938519
141450.0	4368.0	9.76362228	11.38149261
141460.0	4363.0	6.07652283	5.15877485
141460.0	4364.0	6.50142193	5.00607347
141460.0	4365.0	6.884758	4.21853876
141460.0	4366.0	6.05634117	4.33780909
141460.0	4367.0	4.41423893	8.04522228
141460.0	4368.0	9.72264576	11.37741947
141470.0	4363.0	6.079813	5.15791988
141470.0	4364.0	6.50471258	5.00521851
141470.0	4365.0	6.88804865	4.21768379
141470.0	4366.0	6.05963182	4.33695412
141470.0	4367.0	4.25891781	8.14240646
141470.0	4368.0	9.65612507	11.38178921
141480.0	4363.0	6.08310366	5.15706491
141480.0	4364.0	6.50800276	5.00436354
141480.0	4365.0	6.89133883	4.21682882
141480.0	4366.0	6.06292248	4.33609867
141480.0	4367.0	4.10715199	8.23463726
141480.0	4368.0	9.55148792	11.39832401
141490.0	4363.0	6.08639431	5.15620995
141490.0	4364.0	6.51129341	5.00350857
141490.0	4365.0	6.89462948	4.21597338
141490.0	4366.0	6.06621265	4.3352437
141490.0	4367.0	3.96456718	8.31783199
141490.0	4368.0	9.40312862	11.4314785
141500.0	4363.0	6.08968496	5.15535498
141500.0	4364.0	6.51458406	5.0026536
141500.0	4365.0	6.89792013	4.21511841
141500.0	4366.0	6.06950331	4.33438873
141500.0	4367.0	3.83329177	8.38762474
141500.0	4368.0	9.22023678	11.48263741
141510.0	4363.0	6.09297514	5.15450001
141510.0	4364.0	6.51787424	5.00179863
141510.0	4365.0	6.90121031	4.21426344
141510.0	4366.0	6.07279396	4.33353376
141510.0	4367.0	3.71934319	8.4445343
141510.0	4368.0	9.00555992	11.54801273
141520.0	4363.0	6.09626579	5.15364504
141520.0	4364.0	6.52116489	5.00094366
141520.0	4365.0	6.90450096	4.21340847
141520.0	4366.0	6.07608461	4.33267879
141520.0	4367.0	3.62452006	8.49263573
141520.0	4368.0	8.73370457	11.57438278
141530.0	4363.0	6.08706188	5.1219511
141530.0	4364.0	6.51190138	4.96921158
141530.0	4365.0	6.89559317	4.18179226
141530.0	4366.0	6.06701326	4.30100012
141530.0	4367.0	3.5055263	8.48232555
141530.0	4368.0	8.27040005	11.39167404
141540.0	4363.0	6.0854435	5.09519005
141540.0	4364.0	6.51023388	4.94242668
141540.0	4365.0	6.89441776	4.15505886
141540.0	4366.0	6.06561661	4.27423954
141540.0	4367.0	3.40098906	8.47917271
141540.0	4368.0	7.73231316	11.23149014
141550.0	4363.0	6.07475615	5.08052969
141550.0	4364.0	6.49946022	4.92771769
141550.0	4365.0	6.88395691	4.14035225
141550.0	4366.0	6.05501127	4.25952816
141550.0	4367.0	3.29511356	8.47645855
141550.0	4368.0	7.18431139	11.16039944
141560.0	4363.0	6.0830121	5.07410622
141560.0	4364.0	6.50768805	4.92125273
141560.0	4365.0	6.89259338	4.13388824
141560.0	4366.0	6.06346273	4.25306368
141560.0	4367.0	3.22226071	8.4696703
141560.0	4368.0	6.86612177	11.10625935
141570.0	4363.0	6.13625813	5.0817008
141570.0	4364.0	6.56100941	4.92879486
141570.0	4365.0	6.94641972	4.14141226
141570.0	4366.0	6.11706924	4.26060009
141570.0	4367.0	3.16879177	8.44896126
141570.0	4368.0	6.61514425	11.02142143
141580.0	4363.0	6.19291449	5.08013296
141580.0	4364.0	6.61770916	4.92715979
141580.0	4365.0	7.0036788	4.13979101
141580.0	4366.0	6.17408085	4.2589736
141580.0	4367.0	3.09755468	8.42356777
141580.0	4368.0	6.2864852	10.98484039
141590.0	4363.0	6.27419138	5.07871151
141590.0	4364.0	6.6990757	4.92555332
141590.0	4365.0	7.0857439	4.13815546
141590.0	4366.0	6.25583982	4.25735188
141590.0	4367.0	3.03740788	8.41421413
141590.0	4368.0	6.04821396	11.01305962
141600.0	4369.0	6.05263281	5.16601658
141600.0	4370.0	6.47754383	5.01331234
141600.0	4371.0	6.86126041	4.2257247
141600.0	4372.0	6.03265333	4.34501934
141600.0	4373.0	5.01722097	7.44179964
141600.0	4374.0	9.74749947	10.94859982
141600.0	4375.0	0.14031939	4.27180243
141610.0	4369.0	6.05594301	5.16603279
141610.0	4370.0	6.48086023	5.01332283
141610.0	4371.0	6.86463642	4.22570515
141610.0	4372.0	6.03600407	4.34501219
141610.0	4373.0	4.81131887	7.55040789
141610.0	4374.0	9.77646351	10.95534325
141610.0	4375.0	0.42691106	4.57086897
141620.0	4369.0	6.06298399	5.17051554
141620.0	4370.0	6.48789644	5.01779222
141620.0	4371.0	6.8717227	4.23018169
141620.0	4372.0	6.04306841	4.3494854
141620.0	4373.0	4.61710739	7.63816833
141620.0	4374.0	9.79157162	10.94791508
141620.0	4375.0	0.62731683	4.75924921
141630.0	4369.0	6.06627464	5.16966057
141630.0	4370.0	6.4911871	5.01693726
141630.0	4371.0	6.87501287	4.22932673
141630.0	4372.0	6.04635906	4.34863043
141630.0	4373.0	4.46092415	7.77650356
141630.0	4374.0	9.79011726	10.9433918
141630.0	4375.0	0.83105701	4.94248009
141640.0	4369.0	6.0695653	5.1688056
141640.0	4370.0	6.49447775	5.01608229
141640.0	4371.0	6.87830353	4.22847176
141640.0	4372.0	6.04964924	4.34777546
141640.0	4373.0	4.30290365	7.91033173
141640.0	4374.0	9.77035332	10.94095802
141640.0	4375.0	1.03211045	5.13430882
141650.0	4369.0	6.07285595	5.16795063
141650.0	4370.0	6.49776793	5.01522732
141650.0	4371.0	6.88159418	4.22761679
141650.0	4372.0	6.05293989	4.34692049
141650.0	4373.0	4.14163876	8.03260803
141650.0	4374.0	9.73105621	10.93710518
141650.0	4375.0	1.22529793	5.31078291
141660.0	4369.0	6.07614613	5.16709566
141660.0	4370.0	6.50105858	5.01437235
141660.0	4371.0	6.88488483	4.22676182
141660.0	4372.0	6.05623055	4.34606552
141660.0	4373.0	3.98863506	8.14002991
141660.0	4374.0	9.66254044	10.94128132
141660.0	4375.0	1.25337696	5.37090254
141670.0	4369.0	6.07943678	5.16624069
141670.0	4370.0	6.50434923	5.01351738
141670.0	4371.0	6.88817501	4.22590685
141670.0	4372.0	6.05952072	4.34521055
141670.0	4373.0	3.8427577	8.23474026
141670.0	4374.0	9.55545902	10.96038151
141670.0	4375.0	1.27859056	5.4174819
141680.0	4369.0	6.08272743	5.16538572
141680.0	4370.0	6.50763988	5.01266241
141680.0	4371.0	6.89146566	4.2250514
141680.0	4372.0	6.06281137	4.34435558
141680.0	4373.0	3.70588803	8.31692028
141680.0	4374.0	9.40867805	10.99662018
141680.0	4375.0	1.29530883	5.44650126
141690.0	4369.0	6.08601761	5.16453075
141690.0	4370.0	6.51093006	5.01180744
141690.0	4371.0	6.89475632	4.22419643
141690.0	4372.0	6.06610203	4.34350061
141690.0	4373.0	3.58305836	8.38738251
141690.0	4374.0	9.23066711	11.05155945
141690.0	4375.0	1.30628264	5.46289539
141700.0	4369.0	6.08930826	5.16367579
141700.0	4370.0	6.51422071	5.010952
141700.0	4371.0	6.89804649	4.22334146
141700.0	4372.0	6.0693922	4.34264565
141700.0	4373.0	3.46788239	8.44578075
141700.0	4374.0	9.01906204	11.12035275
141700.0	4375.0	1.31343591	5.47056627
141710.0	4369.0	6.09259892	5.16282082
141710.0	4370.0	6.51751137	5.01009703
141710.0	4371.0	6.90133715	4.2224865
141710.0	4372.0	6.07268286	4.3417902
141710.0	4373.0	3.36595178	8.49957466
141710.0	4374.0	8.77793884	11.20925236
141710.0	4375.0	1.30290806	5.48060656
141720.0	4369.0	6.09588909	5.16196537
141720.0	4370.0	6.52080154	5.00924206
141720.0	4371.0	6.9046278	4.22163153
141720.0	4372.0	6.07597351	4.34093523
141720.0	4373.0	3.27276778	8.54437447
141720.0	4374.0	8.46774673	11.25300789
141720.0	4375.0	1.21861434	5.50424147
141730.0	4369.0	6.08830118	5.13014078
141730.0	4370.0	6.51335001	4.97725058
141730.0	4371.0	6.89766169	4.18972778
141730.0	4372.0	6.06880331	4.30900764
141730.0	4373.0	3.16687179	8.54431343
141730.0	4374.0	8.00551796	11.09130955
141730.0	4375.0	1.52495372	5.472785
141740.0	4369.0	6.09517002	5.0968914
141740.0	4370.0	6.52040148	4.94367027
141740.0	4371.0	6.90531778	4.1560607
141740.0	4372.0	6.07619619	4.27538681
141740.0	4373.0	3.06636477	8.54115105
141740.0	4374.0	7.48562288	10.94657898
141740.0	4375.0	2.0157373	5.30355978
141750.0	4369.0	6.09512758	5.07478762
141750.0	4370.0	6.52062225	4.92128515
141750.0	4371.0	6.90621567	4.13362932
141750.0	4372.0	6.07681036	4.25298119
141750.0	4373.0	2.94651937	8.55265427
141750.0	4374.0	6.95329142	10.91311359
141750.0	4375.0	2.5684557	5.14135075
141760.0	4369.0	6.11185789	5.06875324
141760.0	4370.0	6.53767252	4.91493177
141760.0	4371.0	6.92391014	4.12717295
141760.0	4372.0	6.09423018	4.2465744
141760.0	4373.0	2.8673346	8.55185604
141760.0	4374.0	6.62953186	10.88167953
141760.0	4375.0	3.10803342	4.93724728
141770.0	4369.0	6.16287851	5.06921339
141770.0	4370.0	6.58927488	4.91510344
141770.0	4371.0	6.97627687	4.12730789
141770.0	4372.0	6.14627838	4.24673271
141770.0	4373.0	2.80303407	8.51833916
141770.0	4374.0	6.37710667	10.80555439
141770.0	4375.0	3.67316222	4.79662991
141780.0	4369.0	6.22022724	5.05850077
141780.0	4370.0	6.6471467	4.90400791
141780.0	4371.0	7.03487349	4.11606312
141780.0	4372.0	6.20458221	4.23554707
141780.0	4373.0	2.70986533	8.49472904
141780.0	4374.0	6.05878592	10.80275726
141780.0	4375.0	4.21655369	4.63020182
141790.0	4369.0	6.3032794	5.0637846
141790.0	4370.0	6.73077011	4.90881443
141790.0	4371.0	7.11929369	4.12074518
141790.0	4372.0	6.2886796	4.240273
141790.0	4373.0	2.64041996	8.49842834
141790.0	4374.0	5.82569218	10.87787056
141790.0	4375.0	4.78748465	4.48837185
141800.0	4376.0	6.05502701	5.16390371
141800.0	4377.0	6.48002768	5.01100349
141800.0	4378.0	6.86375856	4.22340584
141800.0	4379.0	6.03514576	4.34270477
141800.0	4380.0	9.76403809	10.50189304
141800.0	4381.0	0.76082748	4.35321999
141800.0	4382.0	0.36585855	4.80763721
141810.0	4376.0	6.05727386	5.16364956
141810.0	4377.0	6.48227406	5.01074886
141810.0	4378.0	6.86606264	4.22311831
141810.0	4379.0	6.03742599	4.34243107
141810.0	4380.0	9.78049278	10.49913692
141810.0	4381.0	1.04442501	4.64378071
141810.0	4382.0	0.65353668	5.10544968
141820.0	4376.0	6.05999231	5.16309738
141820.0	4377.0	6.48499298	5.01019716
141820.0	4378.0	6.86881304	4.22254944
141820.0	4379.0	6.04016352	4.34186935
141820.0	4380.0	9.77762318	10.48889065
141820.0	4381.0	1.24190247	4.8265872
141820.0	4382.0	0.85409337	5.29080105
141830.0	4376.0	6.06328297	5.16224241
141830.0	4377.0	6.48828363	5.00934219
141830.0	4378.0	6.87210321	4.22169447
141830.0	4379.0	6.04345369	4.34101391
141830.0	4380.0	9.75945187	10.48810482
141830.0	4381.0	1.44074082	4.99693918
141830.0	4382.0	1.0636344	5.47097445
141840.0	4376.0	6.06657362	5.16138744
141840.0	4377.0	6.49157381	5.00848722
141840.0	4378.0	6.87539387	4.2208395
141840.0	4379.0	6.04674435	4.34015894
141840.0	4380.0	9.720994	10.48658943
141840.0	4381.0	1.64611399	5.18863773
141840.0	4382.0	1.27454495	5.66078854
141850.0	4376.0	6.0698638	5.16053247
141850.0	4377.0	6.49486446	5.00763226
141850.0	4378.0	6.87868452	4.21998453
141850.0	4379.0	6.050035	4.33930397
141850.0	4380.0	9.65270329	10.48748207
141850.0	4381.0	1.83354223	5.35207367
141850.0	4382.0	1.47173321	5.83313465
141860.0	4376.0	6.07315445	5.15967751
141860.0	4377.0	6.49815512	5.00677729
141860.0	4378.0	6.8819747	4.21912956
141860.0	4379.0	6.05332518	4.338449
141860.0	4380.0	9.54655647	10.50749302
141860.0	4381.0	1.86146462	5.40617132
141860.0	4382.0	1.49847877	5.88609934
141870.0	4376.0	6.0764451	5.15882254
141870.0	4377.0	6.50144529	5.00592232
141870.0	4378.0	6.88526535	4.21827459
141870.0	4379.0	6.05661583	4.33759403
141870.0	4380.0	9.39805412	10.54835606
141870.0	4381.0	1.88172543	5.4435482
141870.0	4382.0	1.51929092	5.92434931
141880.0	4376.0	6.07973528	5.15796757
141880.0	4377.0	6.50473595	5.00506687
141880.0	4378.0	6.888556	4.21741962
141880.0	4379.0	6.05990648	4.33673906
141880.0	4380.0	9.21297836	10.60521221
141880.0	4381.0	1.89479816	5.46607018
141880.0	4382.0	1.53202152	5.94556522
141890.0	4376.0	6.08302593	5.1571126
141890.0	4377.0	6.5080266	5.0042119
141890.0	4378.0	6.89184666	4.21656466
141890.0	4379.0	6.06319714	4.33588409
141890.0	4380.0	8.99715805	10.67891979
141890.0	4381.0	1.90276718	5.47651768
141890.0	4382.0	1.53998363	5.95640373
141900.0	4376.0	6.08631659	5.15625763
141900.0	4377.0	6.51131725	5.00335693
141900.0	4378.0	6.89513683	4.21570969
141900.0	4379.0	6.06648731	4.33502913
141900.0	4380.0	8.75365353	10.77094364
141900.0	4381.0	1.90934372	5.48276377
141900.0	4382.0	1.53933775	5.96155596
141910.0	4376.0	6.08960676	5.15540218
141910.0	4377.0	6.51460743	5.00250196
141910.0	4378.0	6.89842749	4.21485424
141910.0	4379.0	6.06977797	4.33417416
141910.0	4380.0	8.48876572	10.87968826
141910.0	4381.0	1.898404	5.48966503
141910.0	4382.0	1.52230513	5.96883869
141920.0	4376.0	6.09289742	5.15454721
141920.0	4377.0	6.51789808	5.001647
141920.0	4378.0	6.90171814	4.21399927
141920.0	4379.0	6.07306862	4.33331919
141920.0	4380.0	8.16375732	10.93375397
141920.0	4381.0	1.81628001	5.51086521
141920.0	4382.0	1.45382273	5.989223
141930.0	4376.0	6.08795071	5.11906719
141930.0	4377.0	6.51292801	4.96609974
141930.0	4378.0	6.89706373	4.17857742
141930.0	4379.0	6.0682869	4.29784632
141930.0	4380.0	7.69945049	10.79380894
141930.0	4381.0	2.13253164	5.48822689
141930.0	4382.0	1.80532229	5.95041132
141940.0	4376.0	6.09415865	5.08197737
141940.0	4377.0	6.5191083	4.92889929
141940.0	4378.0	6.90359926	4.14142656
141940.0	4379.0	6.07466745	4.26067638
141940.0	4380.0	7.18367052	10.65701485
141940.0	4381.0	2.62331724	5.33042049
141940.0	4382.0	2.3255949	5.77142668
141950.0	4376.0	6.09166145	5.05926323
141950.0	4377.0	6.51669455	4.90605545
141950.0	4378.0	6.9016571	4.11862373
141950.0	4379.0	6.07252979	4.2378602
141950.0	4380.0	6.67622948	10.63184834
141950.0	4381.0	3.16203594	5.18550205
141950.0	4382.0	2.88934612	5.60694933
141960.0	4376.0	6.10614872	5.05017138
141960.0	4377.0	6.53123045	4.89678764
141960.0	4378.0	6.9164505	4.10926008
141960.0	4379.0	6.08721495	4.22853422
141960.0	4380.0	6.37631607	10.62152767
141960.0	4381.0	3.67758846	5.01010513
141960.0	4382.0	3.43510485	5.41206932
141970.0	4376.0	6.16786098	5.05166197
141970.0	4377.0	6.59321165	4.89811802
141970.0	4378.0	6.97887659	4.11065006
141970.0	4379.0	6.14945602	4.22989559
141970.0	4380.0	6.15282869	10.59471607
141970.0	4381.0	4.22551203	4.9055934
141970.0	4382.0	4.00733423	5.2890563
141980.0	4376.0	6.23105526	5.04099655
141980.0	4377.0	6.65658092	4.88716936
141980.0	4378.0	7.04263687	4.09968996
141980.0	4379.0	6.21304798	4.21893167
141980.0	4380.0	5.86418915	10.64566708
141980.0	4381.0	4.75247765	4.78118896
141980.0	4382.0	4.56023645	5.14420271
141990.0	4376.0	6.32060909	5.04057503
141990.0	4377.0	6.74641848	4.88638973
141990.0	4378.0	7.13299942	4.0988636
141990.0	4379.0	6.3031888	4.21812105
141990.0	4380.0	5.64646721	10.77025795
141990.0	4381.0	5.31510735	4.68876743
141990.0	4382.0	5.1448741	5.02778149
142000.0	4383.0	6.05435371	5.16389847
142000.0	4384.0	6.47926092	5.01099873
142000.0	4385.0	6.86338949	4.22340059
142000.0	4386.0	6.03457594	4.34269953
142000.0	4387.0	9.76688766	10.04209709
142000.0	4388.0	1.37958968	4.43885374
142000.0	4389.0	0.98051006	4.89913654
142010.0	4383.0	6.05646324	5.16372252
142010.0	4384.0	6.48138475	5.01081514
142010.0	4385.0	6.86556578	4.22318697
142010.0	4386.0	6.03672695	4.34250021
142010.0	4387.0	9.70918751	10.05521679
142010.0	4388.0	1.66446638	4.73393917
142010.0	4389.0	1.27420902	5.20199203
142020.0	4383.0	6.05910683	5.16321039
142020.0	4384.0	6.48403597	5.01029873
142020.0	4385.0	6.8682456	4.2226553
142020.0	4386.0	6.03939342	4.34197569
142020.0	4387.0	9.64055347	10.05604744
142020.0	4388.0	1.86658537	4.92239046
142020.0	4389.0	1.48122013	5.39286709
142030.0	4383.0	6.06239748	5.16235542
142030.0	4384.0	6.48732662	5.00944376
142030.0	4385.0	6.87153625	4.22180033
142030.0	4386.0	6.04268408	4.34112072
142030.0	4387.0	9.56687832	10.0679493
142030.0	4388.0	2.0678699	5.09312057
142030.0	4389.0	1.69400048	5.57376099
142040.0	4383.0	6.06568813	5.16150045
142040.0	4384.0	6.49061728	5.00858879
142040.0	4385.0	6.87482691	4.22094536
142040.0	4386.0	6.04597425	4.34026575
142040.0	4387.0	9.47505093	10.08445358
142040.0	4388.0	2.27892089	5.28989792
142040.0	4389.0	1.90959644	5.76643229
142050.0	4383.0	6.06897879	5.16064548
142050.0	4384.0	6.49390745	5.00773382
142050.0	4385.0	6.87811708	4.22009039
142050.0	4386.0	6.04926491	4.33941078
142050.0	4387.0	9.35412025	10.11096191
142050.0	4388.0	2.47243118	5.45535135
142050.0	4389.0	2.11007071	5.93675089
142060.0	4383.0	6.07226896	5.15979052
142060.0	4384.0	6.4971981	5.00687885
142060.0	4385.0	6.88140774	4.21923542
142060.0	4386.0	6.05255556	4.33855581
142060.0	4387.0	9.20020199	10.15501118
142060.0	4388.0	2.49850082	5.50587988
142060.0	4389.0	2.13594866	5.98723507
142070.0	4383.0	6.07555962	5.15893555
142070.0	4384.0	6.50048876	5.00602388
142070.0	4385.0	6.88469839	4.21838045
142070.0	4386.0	6.05584621	4.33770084
142070.0	4387.0	9.01126575	10.21412086
142070.0	4388.0	2.51539326	5.53693724
142070.0	4389.0	2.15298581	6.01768112
142080.0	4383.0	6.07885027	5.15808058
142080.0	4384.0	6.50377941	5.00516891
142080.0	4385.0	6.88798857	4.21752548
142080.0	4386.0	6.05913639	4.33684587
142080.0	4387.0	8.78982162	10.29017067
142080.0	4388.0	2.52599525	5.55406427
142080.0	4389.0	2.16354084	6.03454685
142090.0	4383.0	6.08214045	5.15722561
142090.0	4384.0	6.50706959	5.00431347
142090.0	4385.0	6.89127922	4.21667051
142090.0	4386.0	6.06242704	4.33599091
142090.0	4387.0	8.54241085	10.3850441
142090.0	4388.0	2.53333759	5.56235075
142090.0	4389.0	2.16980362	6.04105759
142100.0	4383.0	6.0854311	5.15637016
142100.0	4384.0	6.51036024	5.0034585
142100.0	4385.0	6.89456987	4.21581507
142100.0	4386.0	6.0657177	4.33513594
142100.0	4387.0	8.27783203	10.49475765
142100.0	4388.0	2.53859615	5.5660882
142100.0	4389.0	2.16997051	6.04467773
142110.0	4383.0	6.08872175	5.15551519
142110.0	4384.0	6.51365089	5.00260353
142110.0	4385.0	6.89786005	4.2149601
142110.0	4386.0	6.06900787	4.33428049
142110.0	4387.0	8.0027895	10.61540413
142110.0	4388.0	2.52744174	5.57088375
142110.0	4389.0	2.15760159	6.04918861
142120.0	4383.0	6.09201193	5.15466022
142120.0	4384.0	6.51694107	5.00174856
142120.0	4385.0	6.9011507	4.21410513
142120.0	4386.0	6.07229853	4.33342552
142120.0	4387.0	7.68784046	10.67948723
142120.0	4388.0	2.44850135	5.58929777
142120.0	4389.0	2.08296061	6.06840611
142130.0	4383.0	6.08958483	5.11800385
142130.0	4384.0	6.51454782	4.96512318
142130.0	4385.0	6.89904118	4.17760801
142130.0	4386.0	6.07006741	4.29687834
142130.0	4387.0	7.23676586	10.53956223
142130.0	4388.0	2.7778101	5.56508684
142130.0	4389.0	2.42548871	6.04056406
142140.0	4383.0	6.09246016	5.08091974
142140.0	4384.0	6.51738834	4.92807484
142140.0	4385.0	6.90222263	4.14068127
142140.0	4386.0	6.07311296	4.25990772
142140.0	4387.0	6.7489357	10.40087032
142140.0	4388.0	3.27387214	5.40889549
142140.0	4389.0	2.9290123	5.87370396
142150.0	4383.0	6.08844566	5.059834
142150.0	4384.0	6.51333761	4.90700293
142150.0	4385.0	6.89853334	4.11970186
142150.0	4386.0	6.06927967	4.2388916
142150.0	4387.0	6.27181578	10.36602592
142150.0	4388.0	3.80648184	5.27110815
142150.0	4389.0	3.47416592	5.72771263
142160.0	4383.0	6.10309362	5.0490694
142160.0	4384.0	6.52797079	4.89613342
142160.0	4385.0	6.91345692	4.10878515
142160.0	4386.0	6.08408928	4.22799301
142160.0	4387.0	5.99353695	10.36987495
142160.0	4388.0	4.32186365	5.11794186
142160.0	4389.0	3.99939656	5.55766678
142170.0	4383.0	6.167171	5.05026293
142170.0	4384.0	6.59214973	4.89723015
142170.0	4385.0	6.9779911	4.10994291
142170.0	4386.0	6.14848471	4.22912025
142170.0	4387.0	5.79603386	10.36328125
142170.0	4388.0	4.87127733	5.03667784
142170.0	4389.0	4.55400848	5.45935249
142180.0	4383.0	6.23171806	5.03876972
142180.0	4384.0	6.65677214	4.88565207
142180.0	4385.0	7.04299212	4.0984292
142180.0	4386.0	6.21333647	4.21757936
142180.0	4387.0	5.5337677	10.44101143
142180.0	4388.0	5.40548325	4.94890356
142180.0	4389.0	5.09282398	5.34568167
142190.0	4383.0	6.32470798	5.03384542
142190.0	4384.0	6.74989033	4.88040495
142190.0	4385.0	7.13659382	4.09316254
142190.0	4386.0	6.30675077	4.21231461
142190.0	4387.0	5.33712673	10.59758949
142190.0	4388.0	5.97758675	4.89507866
142190.0	4389.0	5.6671319	5.26196241
142200.0	4390.0	6.05337191	5.16388559
142200.0	4391.0	6.47829008	5.01098585
142200.0	4392.0	6.86262369	4.2233882
142200.0	4393.0	6.0338068	4.34268665
142200.0	4394.0	9.7358427	9.53497696
142200.0	4395.0	1.99981856	4.52310276
142200.0	4396.0	1.59461677	4.99740458
142210.0	4390.0	6.05523586	5.16400909
142210.0	4391.0	6.48015165	5.01109838
142210.0	4392.0	6.86455536	4.22346354
142210.0	4393.0	6.03570271	4.34278107
142210.0	4394.0	9.5844717	9.56598282
142210.0	4395.0	2.2810607	4.81412315
142210.0	4396.0	1.8868022	5.29358053
142220.0	4390.0	6.05787086	5.16348267
142220.0	4391.0	6.48277617	5.01057863
142220.0	4392.0	6.86722088	4.22292233
142220.0	4393.0	6.03834677	4.34225082
142220.0	4394.0	9.42657661	9.57427597
142220.0	4395.0	2.48284984	5.00209665
142220.0	4396.0	2.09438896	5.48329258
142230.0	4390.0	6.06116152	5.1626277
142230.0	4391.0	6.48606682	5.00972366
142230.0	4392.0	6.87051105	4.22206688
142230.0	4393.0	6.04163742	4.34139585
142230.0	4394.0	9.27718353	9.61117363
142230.0	4395.0	2.6871562	5.1721673
142230.0	4396.0	2.30556107	5.65719318
142240.0	4390.0	6.06445169	5.16177273
142240.0	4391.0	6.48935747	5.00886869
142240.0	4392.0	6.87380171	4.22121191
142240.0	4393.0	6.04492807	4.34054089
142240.0	4394.0	9.11981773	9.65582275
142240.0	4395.0	2.9017539	5.36794281
142240.0	4396.0	2.5215354	5.84898186
142250.0	4390.0	6.06774235	5.16091776
142250.0	4391.0	6.49264765	5.00801373
142250.0	4392.0	6.87709236	4.22035694
142250.0	4393.0	6.04821825	4.33968592
142250.0	4394.0	8.94050312	9.71200657
142250.0	4395.0	3.09379077	5.52715302
142250.0	4396.0	2.7164607	6.00846052
142260.0	4390.0	6.071033	5.16006279
142260.0	4391.0	6.4959383	5.00715876
142260.0	4392.0	6.88038254	4.21950197
142260.0	4393.0	6.0515089	4.33883095
142260.0	4394.0	8.73678207	9.7801981
142260.0	4395.0	3.11644745	5.57138968
142260.0	4396.0	2.73948836	6.05274963
142270.0	4390.0	6.07432318	5.15920782
142270.0	4391.0	6.49922895	5.00630379
142270.0	4392.0	6.88367319	4.218647
142270.0	4393.0	6.05479956	4.33797598
142270.0	4394.0	8.50671291	9.8618145
142270.0	4395.0	3.13067055	5.59699869
142270.0	4396.0	2.75406742	6.07834053
142280.0	4390.0	6.07761383	5.15835285
142280.0	4391.0	6.50251913	5.00544882
142280.0	4392.0	6.88696384	4.21779203
142280.0	4393.0	6.05808973	4.33712101
142280.0	4394.0	8.25177956	9.96079159
142280.0	4395.0	3.14013195	5.61023521
142280.0	4396.0	2.76281404	6.09088755
142290.0	4390.0	6.08090448	5.15749741
142290.0	4391.0	6.50580978	5.00459385
142290.0	4392.0	6.89025402	4.21693707
142290.0	4393.0	6.06138039	4.33626556
142290.0	4394.0	7.98160934	10.07449818
142290.0	4395.0	3.14617777	5.6158824
142290.0	4396.0	2.76834798	6.09531879
142300.0	4390.0	6.08419466	5.15664244
142300.0	4391.0	6.50910044	5.00373888
142300.0	4392.0	6.89354467	4.2160821
142300.0	4393.0	6.06467104	4.33541059
142300.0	4394.0	7.70616484	10.19598007
142300.0	4395.0	3.15048051	5.61775112
142300.0	4396.0	2.77243209	6.09639072
142310.0	4390.0	6.08748531	5.15578747
142310.0	4391.0	6.51239061	5.00288391
142310.0	4392.0	6.89683533	4.21522713
142310.0	4393.0	6.06796122	4.33455563
142310.0	4394.0	7.43439436	10.32427406
142310.0	4395.0	3.14291906	5.61964512
142310.0	4396.0	2.76401091	6.09903622
142320.0	4390.0	6.09077597	5.1549325
142320.0	4391.0	6.51568127	5.00202847
142320.0	4392.0	6.9001255	4.21437168
142320.0	4393.0	6.07125187	4.33370066
142320.0	4394.0	7.13405991	10.38323116
142320.0	4395.0	3.06780577	5.63707638
142320.0	4396.0	2.68437243	6.11751223
142330.0	4390.0	6.08250093	5.12128782
142330.0	4391.0	6.50741005	4.9683547
142330.0	4392.0	6.89217281	4.18081427
142330.0	4393.0	6.06315994	4.30008554
142330.0	4394.0	6.71608829	10.19794464
142330.0	4395.0	3.37968969	5.62047672
142330.0	4396.0	2.99808669	6.09805822
142340.0	4390.0	6.08254242	5.09145975
142340.0	4391.0	6.5074811	4.93847704
142340.0	4392.0	6.89262724	4.15097666
142340.0	4393.0	6.06344175	4.2702179
142340.0	4394.0	6.26017857	10.01170826
142340.0	4395.0	3.86886024	5.48553848
142340.0	4396.0	3.48552895	5.9544096
142350.0	4390.0	6.07122755	5.07379293
142350.0	4391.0	6.49610662	4.92072248
142350.0	4392.0	6.88151884	4.13324261
142350.0	4393.0	6.05220985	4.25246906
142350.0	4394.0	5.80533218	9.99184322
142350.0	4395.0	4.38012791	5.35673475
142350.0	4396.0	4.00438261	5.82190895
142360.0	4390.0	6.0811801	5.06585646
142360.0	4391.0	6.50606775	4.91269875
142360.0	4392.0	6.89179087	4.12521791
142360.0	4393.0	6.06233883	4.24444437
142360.0	4394.0	5.54116058	10.00812721
142360.0	4395.0	4.88686895	5.23736954
142360.0	4396.0	4.51002789	5.68143559
142370.0	4390.0	6.13707113	5.07024288
142370.0	4391.0	6.56211472	4.91695499
142370.0	4392.0	6.94821548	4.12947655
142370.0	4393.0	6.11858511	4.248703
142370.0	4394.0	5.3595953	10.00451374
142370.0	4395.0	5.42766476	5.18700838
142370.0	4396.0	5.04768419	5.61094999
142380.0	4390.0	6.19693041	5.06361294
142380.0	4391.0	6.62209272	4.91017866
142380.0	4392.0	7.00862122	4.12272835
142380.0	4393.0	6.17879295	4.24194479
142380.0	4394.0	5.11744881	10.09940147
142380.0	4395.0	5.95902872	5.14209986
142380.0	4396.0	5.57271338	5.53846502
142390.0	4390.0	6.28254986	5.05893612
142390.0	4391.0	6.70789814	4.90517998
142390.0	4392.0	7.09494734	4.11772346
142390.0	4393.0	6.26487064	4.23694801
142390.0	4394.0	4.93940115	10.29301167
142390.0	4395.0	6.52626657	5.12886572
142390.0	4396.0	6.13408232	5.49338007
142400.0	4397.0	6.05296993	5.16419983
142400.0	4398.0	6.47788715	5.01098299
142400.0	4399.0	6.86242199	4.22338724
142400.0	4400.0	6.03340673	4.34268475
142400.0	4401.0	9.70466805	9.02735996
142400.0	4402.0	2.58642697	4.667377
142400.0	4403.0	2.19625688	5.16725016
142410.0	4397.0	6.05477762	5.16432905
142410.0	4398.0	6.47966385	5.01111698
142410.0	4399.0	6.86428165	4.22347927
142410.0	4400.0	6.03523016	4.34279537
142410.0	4401.0	9.49986649	9.07863998
142410.0	4402.0	2.86694908	4.95681477
142410.0	4403.0	2.48424506	5.45915842
142420.0	4397.0	6.05738115	5.16387272
142420.0	4398.0	6.4822197	5.01063728
142420.0	4399.0	6.866889	4.22297478
142420.0	4400.0	6.03781557	4.34230137
142420.0	4401.0	9.28982544	9.10760021
142420.0	4402.0	3.06876349	5.14247179
142420.0	4403.0	2.69018459	5.64785957
142430.0	4397.0	6.06067181	5.16301775
142430.0	4398.0	6.48551035	5.00978231
142430.0	4399.0	6.87017965	4.22211981
142430.0	4400.0	6.04110575	4.3414464
142430.0	4401.0	9.09521961	9.18247223
142430.0	4402.0	3.27525234	5.31337976
142430.0	4403.0	2.89655542	5.81512594
142440.0	4397.0	6.06396246	5.16216278
142440.0	4398.0	6.488801	5.00892687
142440.0	4399.0	6.87346983	4.22126484
142440.0	4400.0	6.0443964	4.34059095
142440.0	4401.0	8.89200592	9.25701237
142440.0	4402.0	3.48962927	5.50487375
142440.0	4403.0	3.11264944	6.00628376
142450.0	4397.0	6.06725264	5.16130781
142450.0	4398.0	6.49209166	5.0080719
142450.0	4399.0	6.87676048	4.22040987
142450.0	4400.0	6.04768705	4.33973598
142450.0	4401.0	8.67625713	9.33845234
142450.0	4402.0	3.6830616	5.65990925
142450.0	4403.0	3.3059907	6.15883064
142460.0	4397.0	6.07054329	5.16045284
142460.0	4398.0	6.49538183	5.00721693
142460.0	4399.0	6.88005114	4.2195549
142460.0	4400.0	6.05097723	4.33888102
142460.0	4401.0	8.43819237	9.4298811
142460.0	4402.0	3.70242786	5.69782209
142460.0	4403.0	3.32631707	6.19775677
142470.0	4397.0	6.07383394	5.15959787
142470.0	4398.0	6.49867249	5.00636196
142470.0	4399.0	6.88334131	4.21869993
142470.0	4400.0	6.05426788	4.33802605
142470.0	4401.0	8.18259811	9.5327034
142470.0	4402.0	3.71488571	5.71874857
142470.0	4403.0	3.33885241	6.21913433
142480.0	4397.0	6.07712412	5.1587429
142480.0	4398.0	6.50196314	5.00550699
142480.0	4399.0	6.88663197	4.21784496
142480.0	4400.0	6.05755854	4.33717108
142480.0	4401.0	7.90893269	9.64656639
142480.0	4402.0	3.72233248	5.72727394
142480.0	4403.0	3.34649491	6.22843456
142490.0	4397.0	6.08041477	5.15788746
142490.0	4398.0	6.50525331	5.00465202
142490.0	4399.0	6.88992262	4.21698952
142490.0	4400.0	6.06084871	4.33631611
142490.0	4401.0	7.6289196	9.77254868
142490.0	4402.0	3.72750187	5.73121881
142490.0	4403.0	3.35142183	6.23160028
142500.0	4397.0	6.08370543	5.15703249
142500.0	4398.0	6.50854397	5.00379705
142500.0	4399.0	6.8932128	4.21613455
142500.0	4400.0	6.06413937	4.33546114
142500.0	4401.0	7.35483599	9.90310001
142500.0	4402.0	3.73114538	5.73133659
142500.0	4403.0	3.35517025	6.23200655
142510.0	4397.0	6.08699608	5.15617752
142510.0	4398.0	6.51183462	5.00294209
142510.0	4399.0	6.89650345	4.21527958
142510.0	4400.0	6.06743002	4.33460617
142510.0	4401.0	7.0985117	10.02617455
142510.0	4402.0	3.72640848	5.73238087
142510.0	4403.0	3.3489418	6.23340368
142520.0	4397.0	6.09028625	5.15532255
142520.0	4398.0	6.5151248	5.00208712
142520.0	4399.0	6.8997941	4.21442461
142520.0	4400.0	6.07072067	4.3337512
142520.0	4401.0	6.81379509	10.07264709
142520.0	4402.0	3.65138865	5.74985933
142520.0	4403.0	3.27136683	6.25145102
142530.0	4397.0	6.08078051	5.11958504
142530.0	4398.0	6.50564909	4.96628189
142530.0	4399.0	6.89060545	4.1786952
142530.0	4400.0	6.06141758	4.29798937
142530.0	4401.0	6.45949078	9.84751511
142530.0	4402.0	3.94866776	5.743505
142530.0	4403.0	3.57392383	6.23690319
142540.0	4397.0	6.07762194	5.08765316
142540.0	4398.0	6.50252295	4.93422699
142540.0	4399.0	6.88785219	4.14666224
142540.0	4400.0	6.05851221	4.26594543
142540.0	4401.0	6.05191755	9.61542416
142540.0	4402.0	4.42258549	5.62475395
142540.0	4403.0	4.06180286	6.10671091
142550.0	4397.0	6.06400442	5.06942511
142550.0	4398.0	6.48883295	4.91587591
142550.0	4399.0	6.87440014	4.12831545
142550.0	4400.0	6.04496336	4.24759674
142550.0	4401.0	5.6493125	9.61764526
142550.0	4402.0	4.91586876	5.51275063
142550.0	4403.0	4.57100773	5.97936201
142560.0	4397.0	6.07018471	5.06043482
142560.0	4398.0	6.49504089	4.90679264
142560.0	4399.0	6.8809104	4.11923265
142560.0	4400.0	6.05135107	4.23851156
142560.0	4401.0	5.40738869	9.65092468
142560.0	4402.0	5.40818501	5.41065359
142560.0	4403.0	5.07831001	5.86140347
142570.0	4397.0	6.12135553	5.06366491
142570.0	4398.0	6.54640722	4.90986872
142570.0	4399.0	6.93263769	4.12230062
142570.0	4400.0	6.10294104	4.24158287
142570.0	4401.0	5.24848557	9.6679039
142570.0	4402.0	5.9373045	5.3697772
142570.0	4403.0	5.61728859	5.80886221
142580.0	4397.0	6.17440557	5.05692816
142580.0	4398.0	6.59961748	4.90297794
142580.0	4399.0	6.98624706	4.11543798
142580.0	4400.0	6.15639448	4.23470736
142580.0	4401.0	5.03974867	9.8061409
142580.0	4402.0	6.46158028	5.3436265
142580.0	4403.0	6.14796638	5.76402378
142590.0	4397.0	6.25188971	5.05220652
142590.0	4398.0	6.67733908	4.89795732
142590.0	4399.0	7.06445408	4.11041641
142590.0	4400.0	6.23441696	4.22968197
142590.0	4401.0	4.87770319	10.04540825
142590.0	4402.0	7.01807785	5.34383106
142590.0	4403.0	6.71176624	5.74697638
